  0.34779719645135676       0.35016946681667688       0.86972320576715711     
  0.34779713592477923       0.35016927070033088       0.86972330893205285     
  0.34779730875560882       0.35016916103889029       0.86972328397006560     
  0.34779551873369646       0.35017022917894930       0.86972356973093545     
  0.34779545805696316       0.35017003332152591       0.86972367285164132     
  0.34779563059779472       0.35016992163046129       0.86972364882323339     
  0.34779333794916351       0.35017191762791611       0.86972376199743251     
  0.34779327697902918       0.35017171952909887       0.86972386613811070     
  0.34779344987437033       0.35017160875706221       0.86972384159857019     
  0.35017004759032561       0.34779583351742088       0.86972351696301253     
  0.35016993709853311       0.34779600619022510       0.86972349239889923     
  0.35016974051365013       0.34779594473152814       0.86972359612517502     
  0.35017240830056934       0.34779422420313555       0.86972321003634157     
  0.35017229754691032       0.34779439664369988       0.86972318567114371     
  0.35017210054625320       0.34779433621213079       0.86972328915453789     
  0.35017411765774453       0.34779347897952767       0.86972281981211508     
  0.35017400648777874       0.34779365275982527       0.86972279507914207     
  0.35017380927575775       0.34779359168322177       0.86972289890596166     
  0.34779661951428376       0.35017004402019197       0.86972320408583637     
  0.34779655895791878       0.35016984780837529       0.86972330730117287     
  0.34779673187358362       0.35016973809462620       0.86972328232650842     
  0.34779494098137970       0.35017080675190970       0.86972356822525809     
  0.34779488027478106       0.35017061079913991       0.86972367139638551     
  0.34779505290031065       0.35017049905477049       0.86972364735575813     
  0.34779275913638075       0.35017249601986000       0.86972376058351120     
  0.34779269813623481       0.35017229782459680       0.86972386477511354     
  0.34779287111645057       0.35017218699971597       0.86972384022309746     
  0.35017062503704066       0.34779525589477805       0.86972351545663873     
  0.35017051449253295       0.34779542865233337       0.86972349088004652     
  0.35017031781194047       0.34779536716338511       0.86972359465704430     
  0.35017298689418874       0.34779364579733191       0.86972320837873607     
  0.35017287608768938       0.34779381832254114       0.86972318400115267     
  0.35017267899111648       0.34779375786122269       0.86972328753515249     
  0.35017469708215465       0.34779290021070591       0.86972281796354367     
  0.35017458585914985       0.34779307407630239       0.86972279321800483     
  0.35017438855110850       0.34779301296962745       0.86972289709560113     
  0.34779604229682082       0.35017062150406314       0.86972320240299805     
  0.34779598171065257       0.35017042519672825       0.86972330566880074     
  0.34779615471119441       0.35017031543064703       0.86972328068145233     
  0.34779436294827770       0.35017138460540592       0.86972356671814677     
  0.34779430221179930       0.35017118855724189       0.86972366993972072     
  0.34779447492206628       0.35017107675954190       0.86972364588686857     
  0.34779218004229190       0.35017307469273595       0.86972375916820022     
  0.34779211901212420       0.35017287640097705       0.86972386341075081     
  0.34779229207725215       0.35017276552322890       0.86972383884625415     
  0.35017120276421254       0.34779467799140062       0.86972351394884273     
  0.35017109216696474       0.34779485083374578       0.86972348935976640     
  0.35017089539061608       0.34779478931453506       0.86972359318750936     
  0.35017356576881964       0.34779306711040925       0.86972320671963477     
  0.35017345490945456       0.34779323972030757       0.86972318232965873     
  0.35017325771692487       0.34779317922922404       0.86972328591428727     
  0.35017527678798427       0.34779232116058995       0.86972281611337965     
  0.35017516551191002       0.34779249511152538       0.86972279135527208     
  0.35017496810780618       0.34779243397476323       0.86972289528366853     
  0.85316000915567958       -9.9001341292298595E-002  0.51216865698694081     
  0.85315999872545878       -9.9000945180952621E-002  0.51216875092888381     
  0.85315997564228085       -9.9000594420263335E-002  0.51216885718139593     
  0.85316147591335179       -9.9000247393471325E-002  0.51216642513286903     
  0.85316146547745708       -9.8999850806276407E-002  0.51216651917583689     
  0.85316144238031044       -9.8999499720441003E-002  0.51216662551424652     
  0.85316243542396719       -9.8999781965265612E-002  0.51216491675267539     
  0.85316242488782601       -9.8999385176207669E-002  0.51216501100158907     
  0.85316240175763280       -9.8999033536751796E-002  0.51216511750209681     
  0.32440925033236956       0.79373047032198385       0.51453919071459697     
  0.32440911308435166       0.79373050292126879       0.51453922695959153     
  0.32440921622046448       0.79373046462148045       0.51453922101526217     
  0.32440821433355305       0.79372997568986137       0.51454060691483561     
  0.32440807690944695       0.79373000834219332       0.51454064318867565     
  0.32440817965841423       0.79372997019187375       0.51454063725805088     
  0.32440715583299651       0.79372896647789792       0.51454283108238341     
  0.32440701852598181       0.79372899907941374       0.51454286736041266     
  0.32440712119413712       0.79372896096949963       0.51454286141857120     
  0.85316038137769556       -9.9001121800365618E-002  0.51216807937408049     
  0.85316037094264019       -9.9000725496407954E-002  0.51216817336125220     
  0.85316034784754624       -9.9000374564810797E-002  0.51216827966663547     
  0.85316184884671920       -9.9000027371228427E-002  0.51216584643350038     
  0.85316183840598592       -9.8999630591193211E-002  0.51216594052174702     
  0.85316181529691426       -9.8999279334294435E-002  0.51216604691307355     
  0.85316280882245565       -9.8999561717004483E-002  0.51216433731959388     
  0.85316279828142771       -9.8999164735008874E-002  0.51216443161388536     
  0.85316277513929084       -9.8998812924221039E-002  0.51216453816739305     
  0.32440887776912919       0.79373024942998194       0.51453976635862919     
  0.32440874045454071       0.79373028204417462       0.51453980262247290     
  0.32440884364082190       0.79373024372577516       0.51453979667528782     
  0.32440784126608069       0.79372975455684314       0.51454118324602061     
  0.32440770377531603       0.79372978722410858       0.51454121953872456     
  0.32440780657426277       0.79372974905525095       0.51454121360525040     
  0.32440678225002323       0.79372874485313205       0.51454340849345004     
  0.32440664487640580       0.79372877746955439       0.51454344479035019     
  0.32440674759450039       0.79372873934112254       0.51454343884565312     
  0.85316075378021594       -9.9000902201503815E-002  0.51216750148019141     
  0.85316074334032355       -9.9000505704840161E-002  0.51216759551261393     
  0.85316072023330702       -9.9000154602254309E-002  0.51216770187089533     
  0.85316222196093483       -9.8999807241799673E-002  0.51216526745257418     
  0.85316221151536009       -9.8999410268832008E-002  0.51216536158612236     
  0.85316218839435887       -9.8999058840785956E-002  0.51216546803038887     
  0.85316318240201738       -9.8999341361448098E-002  0.51216375760459787     
  0.85316317185609913       -9.8998944186421398E-002  0.51216385194429137     
  0.85316314870201448       -9.8998592204217792E-002  0.51216395855082109     
  0.32440850502495178       0.79373002843023821       0.51454034228193324     
  0.32440836764376074       0.79373006105934507       0.51454037856463597     
  0.32440847088023395       0.79373002272232540       0.51454037261459373     
  0.32440746801742543       0.79372953331596652       0.51454175985680817     
  0.32440733045997094       0.79372956599817146       0.51454179616838680     
  0.32440743330891886       0.79372952781076611       0.51454179023206448     
  0.32440640848561508       0.79372852312026609       0.51454398618464625     
  0.32440627104536118       0.79372855575160339       0.51454402250042452     
  0.32440637381341880       0.79372851760464247       0.51454401655287474     
  -9.9000896369616204E-002  0.85315983597578959       0.51216903146888559     
  -9.9000546680751131E-002  0.85315981296148280       0.51216913739939485     
  -9.9000150393900407E-002  0.85315980304870342       0.51216923051261332     
  -9.9000144380245028E-002  0.85316092408934363       0.51216736426651377     
  -9.8999793732770291E-002  0.85316090141803302       0.51216746981084049     
  -9.8999397053465152E-002  0.85316089047408739       0.51216756471736136     
  -9.8999842875169761E-002  0.85316143967937452       0.51216656368305469     
  -9.8999491824815655E-002  0.85316141558564595       0.51216667167468544     
  -9.8999094790263170E-002  0.85316140535824148       0.51216676545619311     
  0.79373066209692256       0.32440818961479739       0.51453956364698572     
  0.79373062383422588       0.32440829229994605       0.51453955792996453     
  0.79373065568961421       0.32440815564867215       0.51453959494596924     
  0.79373027551170849       0.32440771308731897       0.51454046043587554     
  0.79373023718915903       0.32440781543498981       0.51454045502403312     
  0.79373026967917493       0.32440767876904475       0.51454049107014355     
  0.79372967297460473       0.32440676770103516       0.51454198595390988     
  0.79372963516164041       0.32440687050723149       0.51454197946705338     
  0.79372966746905049       0.32440673343386178       0.51454201605140293     
  -9.9000676673007035E-002  0.85316020813798099       0.51216845399560063     
  -9.9000326813753869E-002  0.85316018511179781       0.51216855997881494     
  -9.8999930334204969E-002  0.85316017519443788       0.51216865313685356     
  -9.8999924318914065E-002  0.85316129677830632       0.51216678598324572     
  -9.8999573500587273E-002  0.85316127409528308       0.51216689158009343     
  -9.8999176628397245E-002  0.85316126314625107       0.51216698653231507     
  -9.8999622667861373E-002  0.85316181261824653       0.51216598501029831     
  -9.8999271446457010E-002  0.85316178851210700       0.51216609305565464     
  -9.8998874218847469E-002  0.85316177827997053       0.51216618688230386     
  0.79373044128252934       0.32440781653805301       0.51454013949395061     
  0.79373040300123776       0.32440791927314094       0.51454013377419261     
  0.79373043487117245       0.32440778255558889       0.51454017080941816     
  0.79373005450947187       0.32440733977783581       0.51454103671782936     
  0.79373001616829697       0.32440744217528716       0.51454103130339646     
  0.79373004867317121       0.32440730544305241       0.51454106736825500     
  0.79372945167901243       0.32440639393025905       0.51454256297657230     
  0.79372941384767570       0.32440649678645628       0.51454255648659819     
  0.79372944616984797       0.32440635964659609       0.51454259308996941     
  -9.9000456869373796E-002  0.85316058048065802       0.51216787624133742     
  -9.9000106839648883E-002  0.85316055744259334       0.51216798227728155     
  -9.8999710167309476E-002  0.85316054752065007       0.51216807548016263     
  -9.8999704150384379E-002  0.85316166964800988       0.51216620741860375     
  -9.8999353161121323E-002  0.85316164695326757       0.51216631306799920     
  -9.8998956095952745E-002  0.85316163599914552       0.51216640806594593     
  -9.8999402353281071E-002  0.85316218573798042       0.51216540605597816     
  -9.8999050960746543E-002  0.85316216161942304       0.51216551415508749     
  -9.8998653539984494E-002  0.85316215138255236       0.51216560802690070     
  0.79373022036042529       0.32440744328012072       0.51454071562029557     
  0.79373018206052881       0.32440754606517247       0.51454070989780076     
  0.79373021394501575       0.32440740928131234       0.51454074695225716     
  0.79372983339943104       0.32440696628705173       0.51454161327937598     
  0.79372979503962438       0.32440706873430925       0.51454160786234671     
  0.79372982755936061       0.32440693193575260       0.51454164394596824     
  0.79372923027547493       0.32440601997795565       0.51454314027918435     
  0.79372919242575546       0.32440612288417758       0.51454313378609373     
  0.79372922476269636       0.32440598567779372       0.51454317040849751     
