  0.62907651631652639       0.55325186448097663       0.54605412833105282     
  0.62835495735240787       0.55265756986963810       0.54748484731217872     
  0.62753559619913069       0.55262807621744736       0.54845353939892172     
  0.63753384177850947       0.54068970953160500       0.54882168196397185     
  0.63596595500986508       0.54085532000507430       0.55047509198019029     
  0.63581112522998717       0.54125762986180814       0.55025847667269545     
  0.62805281767002918       0.55186257098989144       0.54863226386821617     
  0.62755915152530517       0.55244139381328883       0.54861463500208396     
  0.62725831880184246       0.55172554603264767       0.54967801788762016     
  0.21161644316364095       0.30170942255676836       0.92961815027635464     
  0.21302595468015706       0.30227816877862351       0.92911132342279079     
  0.21382103956968082       0.30194952969166589       0.92903554536751853     
  0.21113843989185788       0.31063944703075058       0.92678136210676010     
  0.21246463880576608       0.30991102384568131       0.92672214528199170     
  0.21299305359943610       0.30984157419510161       0.92662406509797113     
  0.21130515425431476       0.30986861409018585       0.92700138823379741     
  0.21191253668008264       0.30948822111759205       0.92698981536329772     
  0.21295209527237685       0.30996276771210851       0.92659294609410559     
  0.63694179454269129       0.54205465626697547       0.54816229347158396     
  0.63588534308757916       0.54123602150629524       0.55019396531625930     
  0.63745377748492438       0.54171456060389145       0.54790329110157132     
  0.62769315535419035       0.55210499082363151       0.54879994700176316     
  0.62747309660321382       0.55291175124672820       0.54823909781449365     
  0.62857446889128954       0.55301545584090372       0.54687113898898576     
  0.62775091143967698       0.55280624329269434       0.54802741771126118     
  0.62743280448128091       0.55299591308921614       0.54820032466916557     
  0.62801733078078781       0.55173600905681242       0.54880015356141754     
  0.21199463501995822       0.30889931961421918       0.92716745254815058     
  0.21283929675647301       0.30943657067588626       0.92679471431625959     
  0.21111636258206404       0.30878506174746273       0.92740588044918826     
  0.21177575720482059       0.30993732469838298       0.92687101768214442     
  0.21214107918371250       0.30901387949098830       0.92709577973621404     
  0.21132494659899559       0.30892514383153058       0.92731171806119217     
  0.21203903119658896       0.30135653915733251       0.92963631897442944     
  0.21336561656962891       0.30113294718832168       0.92940521936534093     
  0.21201993197284588       0.30199821862872683       0.92943242056176700     
  0.62715726625166168       0.55306389013998769       0.54844698632681532     
  0.62896165684522132       0.55318336610279861       0.54625579876619257     
  0.62836305215057109       0.55379079100036299       0.54632923635406050     
  0.62755894738129747       0.55262708667963101       0.54842781715524014     
  0.62853561893916743       0.55316574336114588       0.54676378455094177     
  0.62724539895550080       0.55264232440044803       0.54877105496775647     
  0.63636110942234381       0.54233442124076092       0.54855985448464295     
  0.63689411171748367       0.54184971653528846       0.54842025413930984     
  0.63654938629408520       0.54164672036084172       0.54902068187907782     
  0.21345787834708760       0.30953169089677202       0.92662067023250949     
  0.21168607878276874       0.31026730961148158       0.92678109639549100     
  0.21313931305336573       0.30924533863709014       0.92678959519535542     
  0.21310938275131180       0.30187980002916165       0.92922170514775859     
  0.21198871601926433       0.30121426096855014       0.92969390299693466     
  0.21294341378736287       0.30111362147272980       0.92950830522817895     
  0.21385482323239019       0.31035378938414532       0.92625409040670070     
  0.21268408543585199       0.31004353433852372       0.92662747996009254     
  0.21322395718798101       0.31092470257823152       0.92620806161884395     
  0.73449751369110805       0.18060379284383726       0.65413734979131166     
  0.73530931473753292       0.18086804567650594       0.65315156105867278     
  0.73557179325544975       0.18122135550788132       0.65275796224546190     
  0.73442895919651341       0.18247677609784768       0.65369437054212265     
  0.73500860486098296       0.18280358039302000       0.65295114807756027     
  0.73503483991937857       0.18360651216236903       0.65269627913468564     
  0.54311411748753302       0.55058714610792259       0.63394073061010314     
  0.54444727401855408       0.54926058560707669       0.63394792760315644     
  0.54551437573840045       0.54890705668400042       0.63333648954189481     
  0.69634474454427886       0.67938275512888202       0.23139375267939416     
  0.69648204275171421       0.67878497154110251       0.23273101755963740     
  0.69573247810368333       0.67908261684281668       0.23410065872102950     
  0.69874684188086378       0.67692617203517047       0.23135213112338074     
  0.69748494719593734       0.67743082846861957       0.23367118152523658     
  0.69792779447248732       0.67682400782094820       0.23410693313090619     
  0.90769269734610969       0.35289980989336650       0.22705878393440199     
  0.90608039047528577       0.35631151003807043       0.22816755643724559     
  0.90539150278738867       0.35759811399971597       0.22888821626339820     
  0.73489157411218731       0.18269515424115604       0.65311320222126257     
  0.73524925539877284       0.18295617373250633       0.65263739620765771     
  0.73381199731242053       0.18389021493605512       0.65399108667559624     
  0.54376292818891514       0.55008279415253403       0.63382237062504942     
  0.54504287430788056       0.54877410439562635       0.63385743468936473     
  0.54473694242336101       0.54837892477992234       0.63446214892337283     
  0.73500743084230979       0.18145046562807002       0.65332978282789433     
  0.73556666915490165       0.18169659107831318       0.65263161432686034     
  0.73459340713422938       0.18215901976845494       0.65359820816149727     
  0.69798259556775322       0.67770442968032374       0.23138064369382599     
  0.69719924203615724       0.67788858477479408       0.23319580514287713     
  0.69861365134714326       0.67722869261412322       0.23086849947876717     
  0.90725482394364720       0.35352665244902215       0.22783237355382585     
  0.90564615153368910       0.35716593262246576       0.22855534293939073     
  0.90545973100452160       0.35845861842183191       0.22726657125131910     
  0.69582511283822290       0.67959570994134622       0.23232968680948221     
  0.69640912721568804       0.67878625879462950       0.23294536355607950     
  0.69631817758134629       0.67915045443599631       0.23215437925908780     
  0.54421413280947939       0.54985116706031856       0.63363607199466787     
  0.54391898591685783       0.54855431275681510       0.63501204926763022     
  0.54518176431908794       0.54824598647804046       0.63419490865556982     
  0.73483112742771417       0.18072886628299267       0.65372799470068499     
  0.73426462088648214       0.18095052038948195       0.65430296933852150     
  0.73461449743804796       0.18131499133281470       0.65380915722542876     
  0.73539652470795991       0.18253491310260100       0.65258942448225499     
  0.73449669081941915       0.18279457818119060       0.65352945868023682     
  0.73442513028673151       0.18349855323920197       0.65341258708601346     
  0.90702900640738404       0.35357419801736850       0.22865622237762956     
  0.90596323976018700       0.35725147396597523       0.22716071965100823     
  0.90517876605208991       0.35847439402870562       0.22835829372757194     
  0.69509910637807759       0.67970478083744723       0.23417652149418364     
  0.69649444352595224       0.67887735032590624       0.23242425293404945     
  0.69533196534391184       0.67935499201522553       0.23450000595941564     
  0.69727395922630031       0.67757763361371914       0.23387512952708808     
  0.69767893517079371       0.67751303982788691       0.23285227995904106     
  0.69783772901105778       0.67709143870336574       0.23360155736487667     
  0.17111068331570140       0.93327853272499206       0.31577256753860022     
  0.17178837376652845       0.93291920526618111       0.31646565545753713     
  0.17147078983513048       0.93299981097800888       0.31640025434300212     
  0.17418747637378190       0.93200894007681301       0.31783338196518757     
  0.17403065628424136       0.93212804526438864       0.31756989451909029     
  0.17475633455704356       0.93219157827093690       0.31698436070715863     
  0.54428103291075547       0.77259842969182579       0.32687891282755793     
  0.54097897761011393       0.77527444909028742       0.32602342610871904     
  0.53997758434336474       0.77559538561093944       0.32691895972201213     
  0.66215396871099419       0.50694274487801660       0.55187061448841601     
  0.66199272303753598       0.50746909669121587       0.55158023038244353     
  0.66186355888544846       0.50766273733589928       0.55155704559012775     
  0.66145324456260102       0.50923653703872196       0.55059763403271011     
  0.66111467713894756       0.50910177409369750       0.55112863043586746     
  0.66062799066048183       0.50966915414332914       0.55118781850719234     
  0.33858641896748165       0.74931664702758261       0.56910789783495197     
  0.34025215903578382       0.74854897827163458       0.56912467474181749     
  0.34070143176124018       0.74847078077098317       0.56895871970461587     
  0.17442498077460242       0.93260917661207110       0.31593678130400438     
  0.17393159548134812       0.93235358251962552       0.31696150753069768     
  0.17469407179264554       0.93248991058219921       0.31614007645806003     
  0.54345810207499123       0.77329664759343142       0.32659697810881344     
  0.54019241323332123       0.77611276625315373       0.32533233891520508     
  0.53898159251944489       0.77710065608604184       0.32498217372010774     
  0.17169894183205256       0.93287348486682398       0.31664891379283316     
  0.17241883446278808       0.93279479473236993       0.31648952027308846     
  0.17222820693188451       0.93237523996597760       0.31782677142653309     
  0.66158094685320556       0.50679663942234365       0.55269143021313005     
  0.66139943660521050       0.50742194434448706       0.55233482205630524     
  0.66103891910030521       0.50752286923046575       0.55267357874497292     
  0.33904820504451211       0.74906426955547034       0.56916520864457643     
  0.34072796531449950       0.74793222328566134       0.56965063242623426     
  0.34120149257395060       0.74761562320732389       0.56978278440264685     
  0.66219281819563003       0.50684547354635745       0.55191334236064438     
  0.66203077680243594       0.50690616589135962       0.55205198083847573     
  0.66187431524815332       0.50790334005239601       0.55132258068975226     
  0.54317697891526007       0.77399464435572030       0.32540906576976802     
  0.53971685196702268       0.77651998250287091       0.32514986771725396     
  0.53861398117880033       0.77769084483121120       0.32417885363552029     
  0.17063496045459789       0.93348808148463369       0.31541038663429521     
  0.17171693587689957       0.93352305056933971       0.31471893490662906     
  0.17134382977146487       0.93346117167554943       0.31510559019693352     
  0.17378755341986546       0.93297504522419361       0.31520699748776415     
  0.17389145785397042       0.93272050265046569       0.31590223934135608     
  0.17431901944747713       0.93257478649057368       0.31609673687169099     
  0.33956187302541740       0.74834320861812231       0.56980713974344310     
  0.34118188408724509       0.74833503054462047       0.56884936848911039     
  0.34159979188336997       0.74756290127065972       0.56961328182288051     
  0.66220113060786445       0.50752388001714033       0.55127957864772525     
  0.66194716765504902       0.50707517601955276       0.55199702272584594     
  0.66170666148508972       0.50743774836185040       0.55195219510725047     
  0.66129222471240645       0.50831354266556705       0.55164294238002998     
  0.66105944552011653       0.50840229206044807       0.55184012079253442     
  0.66072124674918820       0.50947028385264570       0.55125988786170788     
