 -0.65939251261967247       0.74494026533625057       0.10131887969115790     
 -0.65939247419847569       0.74494029275380791       0.10131892815403938     
 -0.65939230215766542       0.74494041630568919       0.10131913940377009     
 -0.65939274963981187       0.74494007084492286       0.10131876712638062     
 -0.65939271104009189       0.74494009840641373       0.10131881569304073     
 -0.65939253919232133       0.74494022183878195       0.10131902656603760     
 -0.65939272781024749       0.74494008718246685       0.10131878907458103     
 -0.65939268929426942       0.74494011468720167       0.10131883751351312     
 -0.65939251740960625       0.74494023815024568       0.10131904840096716     
  0.74493938019129669      -0.65939378586667952       0.10131710122488927     
  0.74493950393446451      -0.65939361356283011       0.10131731278723842     
  0.74493953162615090      -0.65939357476099303       0.10131736171323033     
  0.74493938190193165      -0.65939377667687349       0.10131714845660304     
  0.74493950558615141      -0.65939360445496809       0.10131735991894650     
  0.74493953334450291      -0.65939356555768103       0.10131740897596145     
  0.74493952708052236      -0.65939359953156396       0.10131723392323247     
  0.74493965076338531      -0.65939342729819306       0.10131744546951428     
  0.74493967838079489      -0.65939338858497365       0.10131749436471316     
 -0.65939253183968916       0.74494024134507475       0.10131893099903046     
 -0.65939249342275574       0.74494026875963659       0.10131897945617768     
 -0.65939232139909909       0.74494039229909603       0.10131919068555653     
 -0.65939276883581754       0.74494004687353255       0.10131881844501124     
 -0.65939273024038070       0.74494007443201282       0.10131886700592233     
 -0.65939255840974065       0.74494019785197174       0.10131907785862443     
 -0.65939274700898720       0.74494006320908535       0.10131884039005684     
 -0.65939270849728537       0.74494009071081313       0.10131888882325749     
 -0.65939253662974950       0.74494021416145328       0.10131909969039632     
  0.74493935625515439      -0.65939380501056888       0.10131715262402639     
  0.74493947998565402      -0.65939363272431850       0.10131736416493434     
  0.74493950767413875      -0.65939359392705121       0.10131741308471617     
  0.74493935796584698      -0.65939379582134505       0.10131719985150701     
  0.74493948163739543      -0.65939362361703724       0.10131741129244097     
  0.74493950939254161      -0.65939358472432663       0.10131746034322868     
  0.74493950313025648      -0.65939361869314872       0.10131728531105197     
  0.74493962680044812      -0.65939344647737974       0.10131749683589891     
  0.74493965441466747      -0.65939340776871636       0.10131754572488898     
 -0.65939255105734340       0.74494021735675642       0.10131898230123165     
 -0.65939251264467502       0.74494024476832188       0.10131903075264052     
 -0.65939234063817309       0.74494036829535748       0.10131924196167573     
 -0.65939278802993972       0.74494002290457817       0.10131886975795437     
 -0.65939274943879000       0.74494005046004363       0.10131891831311989     
 -0.65939257762527059       0.74494017386760414       0.10131912914551350     
 -0.65939276620636755       0.74494003923767860       0.10131889169982468     
 -0.65939272769894264       0.74494006673639956       0.10131894012728621     
 -0.65939255584853762       0.74494019017463209       0.10131915097411877     
  0.74493933232162624      -0.65939382415230940       0.10131720401789135     
  0.74493945603945122      -0.65939365188366250       0.10131741553738034     
  0.74493948372473762      -0.65939361309096090       0.10131746445094911     
  0.74493933403189960      -0.65939381496420835       0.10131725124112415     
  0.74493945769078074      -0.65939364277749424       0.10131746266064805     
  0.74493948544272259      -0.65939360388935864       0.10131751170520943     
  0.74493947918301462      -0.65939363785211647       0.10131733669363140     
  0.74493960284054361      -0.65939346565393986       0.10131754819703861     
  0.74493963045157197      -0.65939342694983272       0.10131759707983022     
  0.75539299672598925      -0.12983052674572013      -0.64228144517980479     
  0.75539333661699692      -0.12982896185955542      -0.64228136175441863     
  0.75539343703216177      -0.12982766160341308      -0.64228150648397708     
  0.75539296998524430      -0.12983058092800992      -0.64228146567744537     
  0.75539330988026487      -0.12982901597421351      -0.64228138226115927     
  0.75539341021255257      -0.12982771579399846      -0.64228152707295172     
  0.75539301361355427      -0.12983055989711320      -0.64228141861697563     
  0.75539335344339265      -0.12982899492809960      -0.64228133528034670     
  0.75539345385211865      -0.12982769459582930      -0.64228148003293639     
 -0.61066001124788949       0.21536071688080297       0.76204600404917422     
 -0.61065994761564313       0.21535938916657618       0.76204643026252639     
 -0.61066036667246948       0.21535788385792654       0.76204651986324357     
 -0.61066001601281517       0.21536066704662524       0.76204601431439878     
 -0.61065995249668847       0.21535933928353759       0.76204644044841530     
 -0.61066037148057506       0.21535783392320432       0.76204653012208612     
 -0.61065995648471161       0.21536074663484442       0.76204603952449779     
 -0.61065989296046108       0.21535941886710400       0.76204646566645895     
 -0.61066031194680692       0.21535791342554494       0.76204655536130073     
  0.75539314201768781      -0.12982984523588129      -0.64228141206068878     
  0.75539348187181310      -0.12982828051129949      -0.64228132864427734     
  0.75539358227590292      -0.12982698038824467      -0.64228147335856489     
  0.75539311527639097      -0.12982989942927980      -0.64228143255679759     
  0.75539345513455947      -0.12982833463694182      -0.64228134914947543     
  0.75539355545578279      -0.12982703458969577      -0.64228149394600886     
  0.75539315890255410      -0.12982987838472296      -0.64228138550157954     
  0.75539349869552008      -0.12982831357729491      -0.64228130217391266     
  0.75539359909315795      -0.12982701337812333      -0.64228144691124467     
 -0.61066023019323556       0.21535999396764277       0.76204603289998263     
 -0.61066016656578925       0.21535866638957893       0.76204645906975021     
 -0.61066058557839353       0.21535716123596868       0.76204654866053845     
 -0.61066023495147015       0.21535994415708234       0.76204604316384561     
 -0.61066017144014251       0.21535861653003660       0.76204646925431296     
 -0.61066059037986353       0.21535711132460836       0.76204655891804707     
 -0.61066017543490791       0.21536002371957497       0.76204606837205813     
 -0.61066011191544756       0.21535869608799296       0.76204649447044404     
 -0.61066053085757777       0.21535719080147989       0.76204658415534965     
  0.75539328729071908      -0.12982916381264364      -0.64228137894526460     
  0.75539362710799518      -0.12982759924949566      -0.64228129553781932     
  0.75539372750101164      -0.12982629925940400      -0.64228144023685974     
  0.75539326055439671      -0.12982921798533059      -0.64228139943977425     
  0.75539360037568848      -0.12982765335455684      -0.64228131604142402     
  0.75539370068583811      -0.12982635344037957      -0.64228146082268944     
  0.75539330417585682      -0.12982919694185788      -0.64228135238983375     
  0.75539364393194508      -0.12982763229600469      -0.64228126907113769     
  0.75539374431850848      -0.12982633222991680      -0.64228141379319947     
 -0.61066044910877260       0.21535927114781242       0.76204606174755296     
 -0.61066038548614088       0.21535794370577235       0.76204648787376439     
 -0.61066080445457727       0.21535643870704152       0.76204657745462567     
 -0.61066045387259682       0.21535922132427049       0.76204607201055630     
 -0.61066039036605424       0.21535789383336676       0.76204649805745739     
 -0.61066080926156496       0.21535638878295910       0.76204658771125888     
 -0.61066039436189468       0.21535930087797578       0.76204609721664796     
 -0.61066033084721727       0.21535797338254781       0.76204652327146583     
 -0.61066074974513251       0.21535646825107385       0.76204661294643705     
 -0.12983120841211360       0.75539229963362953      -0.64228212724352463     
 -0.12982990755667775       0.75539240043474321      -0.64228227164484386     
 -0.12982834297260912       0.75539274053410976      -0.64228218791225522     
 -0.12983122421965859       0.75539230533360013      -0.64228211734440632     
 -0.12982992333760909       0.75539240609040414      -0.64228226180325165     
 -0.12982835870824602       0.75539274626349495      -0.64228217799314513     
 -0.12983126670695799       0.75539240502671601      -0.64228199150623921     
 -0.12982996587625495       0.75539250573705441      -0.64228213600945228     
 -0.12982840116279057       0.75539284581475985      -0.64228205232856383     
  0.21535992735571147      -0.61065884958977912       0.76204715805980816     
  0.21535842179080705      -0.61065926885365496       0.76204724756860875     
  0.21535709446118384      -0.61065920533753093       0.76204767357546066     
  0.21535997949864771      -0.61065902100130487       0.76204700596490116     
  0.21535847381974238      -0.61065944019519680       0.76204709556202632     
  0.21535714664672712      -0.61065937688900784       0.76204752135658116     
  0.21536004096072206      -0.61065896706307832       0.76204703181814859     
  0.21535853525610729      -0.61065938637305439       0.76204712132966468     
  0.21535720805727257      -0.61065932304122050       0.76204754715215450     
 -0.12983052683794274       0.75539244495243119      -0.64228209410645287     
 -0.12982922611604955       0.75539254574186643      -0.64228223849311750     
 -0.12982766169347446       0.75539288580416442      -0.64228215476974093     
 -0.12983054266040867       0.75539245064923533      -0.64228208420805744     
 -0.12982924191178158       0.75539255139438066      -0.64228222865224915     
 -0.12982767744378884       0.75539289153042533      -0.64228214485135315     
 -0.12983058512820800       0.75539255033624897      -0.64228195838102498     
 -0.12982928443103278       0.75539265103492592      -0.64228210286956666     
 -0.12982771987907143       0.75539299107556490      -0.64228201919788552     
  0.21535920451730431      -0.61065906860751129       0.76204718683102612     
  0.21535769910739458      -0.61065948782693336       0.76204727633009517     
  0.21535637191392981      -0.61065942431499132       0.76204770229386076     
  0.21535925667398312      -0.61065923999594940       0.76204703475074231     
  0.21535775114994429      -0.61065965914544762       0.76204712433812427     
  0.21535642411295255      -0.61065959584342000       0.76204755008964709     
  0.21535931811216069      -0.61065918606960756       0.76204706060129224     
  0.21535781256255135      -0.61065960533513164       0.76204715010307211     
  0.21535648549985972      -0.61065954200744843       0.76204757588250482     
 -0.12982984535041678       0.75539259025278449      -0.64228206097280649     
 -0.12982854476192873       0.75539269103055551      -0.64228220534482772     
 -0.12982698050070007       0.75539303105582056      -0.64228212163065146     
 -0.12982986115587089       0.75539259595192720      -0.64228205107511449     
 -0.12982856054075798       0.75539269668541420      -0.64228219550463361     
 -0.12982699623424046       0.75539303678438796      -0.64228211171295635     
 -0.12982990361895244       0.75539269563029765      -0.64228192525921646     
 -0.12982860305530514       0.75539279631730549      -0.64228206973309609     
 -0.12982703866483522       0.75539313632088567      -0.64228198607061615     
  0.21535848177218905      -0.61065928759563770       0.76204721559885391     
  0.21535697651711494      -0.61065970677066694       0.76204730508818797     
  0.21535564945967367      -0.61065964326291733       0.76204773100889722     
  0.21535853390612508      -0.61065945897328933       0.76204706353364682     
  0.21535702853707117      -0.61065987807835465       0.76204715311128379     
  0.21535570163620507      -0.61065981478047249       0.76204757881975904     
  0.21535859533729954      -0.61065940505313698       0.76204708938128896     
  0.21535708994268668      -0.61065982427420828       0.76204717887333617     
  0.21535576301612624      -0.61065976095068153       0.76204760460971122     
