  0.71764435640998070       0.68430085270652607       0.12930166548821376     
 -0.71132130183990505      -0.63592035353276177       0.29937820480380634     
  0.72294610975960327       0.69076954104435695       -1.3651503537120215E-002
 -0.72427801665638969       0.68446817082066680       -8.3214648480282580E-002
  0.68566914072980534       -7.3996847341202876E-002  0.72414245562210566     
 -0.70643564463558128       0.70737317155433488       -2.3913932204314144E-002
  0.71085466813199416       0.70195436184142279       -4.4110256026839406E-002
 -0.77262194605127665       -9.8432396953459747E-002 -0.62718927901386734     
  0.71436499862144287       0.69924208471264016       -2.7260882438154145E-002
 -0.71455539615377095       0.69838177631056919       -4.0908194103644914E-002
  0.73446317367580549      -0.21478367459289083      -0.64376379180755328     
 -0.68780797904774338       -6.7739636501278455E-002  0.72272506916872170     
  0.71483430312276020       0.69318017853032265       -9.2266782601691952E-002
 -0.78456803134458153      -0.10138453163406475      -0.61169778562410138     
  0.72353674553668579      -0.62038359742949589       0.30268592616542050     
 -0.70213500978337551       0.71145050306238899        2.9062170063037313E-002
 -0.76149157057265948      -0.26599795548303928      -0.59108009239495407     
  0.63543405415993004       0.11002717028082529      -0.76427585635938367     
 -0.69086480512037840      -0.72287291494116257       -1.2671617515078795E-002
  0.67636038827392031      -0.73055518911268624        9.3945414121600984E-002
 -0.66584264481403976        1.0557947601421312E-003 -0.74609145394145138     
  0.68911334446009453      -0.72417909435726580       -2.6219034744121818E-002
 -0.71581777482468945      -0.69788826052838338        2.3598497022007548E-002
  0.74435342033081908       0.57810584387282871       0.33426279918934365     
 -0.69841774921363109      -0.70936782859749015        9.4920658100581132E-002
  0.67376448260475474      -0.73853125580223999       -2.4758961680841775E-002
 -0.73184867292246536       0.60947452077830222       0.30485788240372774     
  0.70203783579273915       0.16416402253119569      -0.69295963145180695     
 -0.69813484980827012      -0.70415925630527543       0.12948927848584754     
  0.69306188620134701      -0.26844440175460299      -0.66903125865810220     
 -0.64782843118095312       0.73747573106961251      -0.19091325212505758     
  0.68664746416857336      -0.72687393893064767       -1.3020631870722209E-002
 -0.66159649129066689       0.28326440326732599       0.69429918662885104     
  0.76800425481521317      -0.61086626138781075       0.19238470647067538     
 -0.68473668464783144       0.72411515514543079        8.2419140897032478E-002
  0.69505012589178539       0.71149615755054629      -0.10333702283606572     
 -0.63514929304317236        8.8138176494698406E-002  0.76734414534219775     
  0.70716775314306457       0.70411668297553465        6.4292034266464571E-002
 -0.70453761721808617       0.70593295917120069       -7.2700777715602946E-002
  0.81285767406250042      -0.54202604194092996      -0.21323735970873162     
 -0.69254119027693672       0.71564597642738859        9.0760873690666863E-002
  0.71004601904257425       0.70309041879078460       -3.8710642546867000E-002
 -0.72513370094261309      -0.58791533842849941      -0.35852011184558663     
  0.71308676874276511       0.10362668664979355       0.69337491305785470     
 -0.70627385902332573       0.70791697159676503        5.5495392209244905E-003
  0.80182963242353378      -0.52880848541845227      -0.27826395080387861     
 -0.77494806094808910      -0.58890730086432552       0.22944213610732339     
  0.70658561389269237       0.70589764776580077       -4.9449783807378439E-002
  0.72652435125719683      -0.61204723543163131      -0.31234684027664872     
 -0.78528183150160213      -0.61085795985472691      -0.10092075106542864     
  0.70711047701395491      -0.70628200343676961       -3.4066184383344626E-002
 -0.69346084391805041      -0.70746829482208984       0.13638427245833709     
  0.66285350407962551      -0.64385798757165114      -0.38219383036562138     
 -0.71151646837530524      -0.70182644962190688        3.4408572214523862E-002
  0.71121322973571122      -0.70043335716508748        5.9739886335205578E-002
 -0.69075511361711617       0.18796739973725796       0.69823035571924175     
  0.68359906924270220      -0.72912524986608263       -3.2690710274233592E-002
 -0.71379178218311878      -0.69944054036000880        3.5836045941846383E-002
  0.71148575507361711       0.18379844390680264       0.67823753386609553     
 -0.80143363045132432      -0.58848016298916273      -0.10674846017558574     
  0.68434532314352370      -0.72352011152717344        9.0499319927238142E-002
 -0.74819130993659710      -0.60524677800266635      -0.27181997986305223     
  0.74041971341055057        8.9623035620426325E-002  0.66614289719189990     
 -0.70535288639145155      -0.70858875642373620       -1.9475110503185008E-002
  0.64465038620690218       0.75030438158479207       0.14652376782609150     
 -0.76966232573488180       -2.7437927102579820E-002 -0.63786132074353474     
  0.66538752195926631       0.74512680547943821       -4.5227086761299135E-002
 -0.71176596294255434       0.69856112828744266       -7.3495333472495233E-002
  0.72394231567827083       0.63969030183805542       0.25827086809146804     
 -0.70853148499588059       0.70423305542792258       -4.5154605658611770E-002
  0.68008940811276364       0.72382185668854737      -0.11644877308402472     
 -0.74010579079743610        7.7802901788411413E-002 -0.66797464540310536     
  0.69127945437304517       0.72256071907630559       -6.2227975731926899E-003
 -0.70619782430064826       0.70689226607877942       -3.9849179552894319E-002
  0.62183579858038895       -4.1172873538521837E-002 -0.78206459713278853     
 -0.72112493981634151       0.62189371041850050       0.30533102383607874     
  0.70742828452144868       0.69404613954550665      -0.13358584670921986     
 -0.77289097993772038        3.7421237651719390E-002 -0.63343443552077572     
  0.73412033255323961       -3.2954093082189960E-002 -0.67821926032887858     
 -0.71276753647041335       0.69841835071018743        6.4608407697136355E-002
 -0.71895806154112429      -0.69468594548084983        2.2599621598753932E-002
  0.74629507269306705       -1.4648752066314653E-002 -0.66545403938735659     
 -0.69279000532818369      -0.72081343004949061       -2.1679658153741899E-002
  0.70472627426293855      -0.70929906747174210       -1.5990973928900400E-002
 -0.71920089883402361      -0.13712688750673474      -0.68113602447605703     
  0.70659372110385543      -0.70761906644020400        7.5505423728272560E-004
 -0.70881669606914000      -0.70233702250298902        6.5586570235561456E-002
  0.69061605996690656       -3.0543042602167687E-002  0.72257634909010693     
 -0.70012068239361802      -0.71355025279680440        2.6020507648984913E-002
  0.68441243160661547      -0.72879305288210017        2.0983553872215892E-002
 -0.69649831534355444       -6.9458266520225813E-003  0.71752480947749164     
  0.71643631124479212       -3.0528619354738527E-002 -0.69698422889635669     
 -0.70045963117083121      -0.70177219507694077       0.12989261455877765     
  0.70775471834089299      -0.70579636020347991       -3.0573789260134394E-002
 -0.74165209567650692       0.66800486762018108        6.1005457250887261E-002
  0.66513220137555573      -0.73755303317610021      -0.11668195210074889     
 -0.66181873962973958       0.74941224084994207        1.9422902439425321E-002
  0.72943749083645593      -0.65931373266997617       0.18228096136184566     
 -0.72202942864089092       0.69142942257553552        2.4471570717262674E-002
  0.69874066903969623       0.70768423953090787      -0.10461593831495393     
 -0.67781822317453044        1.7990142865131275E-003  0.73522732530838342     
  0.70289435729583893       0.71016079484139660       -4.0139356645382776E-002
 -0.71723563753507080       0.69561329099686298       -4.1172680726106289E-002
  0.71138959416435354       0.11920325483924581      -0.69261492140323277     
 -0.70919329921834584       0.70458493330128613        2.4595448941217662E-002
  0.72714265420498814       0.68446120059370152       -5.2691795543078263E-002
 -0.73146459627037075       -2.1103724012168201E-002 -0.68155276922322150     
  0.67295214796500424       -1.1627272478199783E-002  0.73959462753862981     
 -0.69493195085812220       0.71481446151125105       -7.8165652884784512E-002
  0.76804161562919215        4.9176677387358404E-002 -0.63850899058888744     
 -0.73250042676858240      -0.62698977479385165       0.26519228323576793     
  0.72266142817016177       0.69066598062951634        2.7220643565695909E-002
  0.72225289624848266      -0.69157835968319359        8.3741434536145059E-003
 -0.69264852111262754       0.16440430883030030      -0.70228857988616133     
  0.69464005698648801      -0.71923902639744508       -1.3054276566087463E-002
 -0.68321898415753857      -0.73020320236531311        3.8862504014286676E-003
  0.68045600963866026        3.4271566582446240E-002 -0.73198707548058295     
 -0.70446050603876387      -0.70956075944929675        1.6091118088743646E-002
  0.71314448506045092      -0.69912514693855965        5.1468168279058361E-002
 -0.70312379549098725        4.9245413363217833E-002  0.70936014652434076     
  0.70299960276014761      -0.71048912250780605       -3.1571590348958831E-002
 -0.67402762012258377      -0.73152062758727232       0.10278296904745053     
  0.73080016659928182        8.0193395248232852E-002  0.67786439341288796     
 -0.69523897892376030       0.16799996096002123      -0.69886964113665606     
  0.71085520154704784      -0.69962857468157535        7.2143883472776005E-002
 -0.71875584157329409      -0.69053395619723223        8.0949957028182654E-002
  0.69433672600674712       0.69121148811686195      -0.20030773727818058     
 -0.68365689405771490      -0.72822119252662521       -4.8032759263427656E-002
   2.1704913249139045E-002 -0.73071475881130621       0.68233777412377072     
   4.9601741739073175E-002 -0.71744467051515048      -0.69484732996958232     
   6.8055679065681579E-002 -0.71077428482438010       0.70012023294524206     
  -3.7600309521809462E-002 -0.71287460612982334      -0.70028280905582241     
   1.4790626708222138E-002  0.71867951222441706       0.69518414543950280     
  0.14817538735779501       0.65939451819106720      -0.73705015023466203     
  0.10412134642954551       0.69688939036015363       0.70958010317451270     
  -2.8526567803181982E-002  0.70990103361973944      -0.70372349498577647     
   9.3079919238881429E-003  0.68367277744671839       0.72972932972756033     
   4.6302288315525748E-002  0.66991806528093256      -0.74098980013695082     
   6.8965511166426144E-002  0.72131093140648384       0.68916928145635192     
   5.8399360737133560E-002  0.70625624925382202      -0.70554349621792800     
  -6.4101311165366465E-002 -0.68608091105018287       0.72469580197447803     
   6.1812558795901716E-002 -0.68472753873116654      -0.72617312348933838     
   5.5256473745133358E-002 -0.71306483408074084       0.69891720862106332     
  -6.5777384706700139E-003 -0.70994055340520390      -0.70423088826557745     
  -2.6053310119137578E-002  0.71358600399676686      -0.70008302359917451     
 -0.11009968778616763       0.74402935772405010       0.65901318165430200     
  -3.7625747234555900E-003  0.72280115153076963      -0.69104582943336235     
  -3.5047079075899733E-002  0.69283857509023483       0.72024052309987419     
  -2.4087242382928389E-002 -0.71289609583186087      -0.70085587769674618     
  -8.1451818572701715E-002 -0.76234627567714419       0.64202317498076922     
 -0.14301208159815282      -0.68891124287103112      -0.71059752600389381     
  -5.8101621082171775E-002 -0.70341623912896245       0.70839946086744743     
   2.8681262750548459E-002 -0.72857236641031653      -0.68436809691152711     
  -9.6550320423996763E-002 -0.71684342613202723       0.69051686296376591     
  -9.3872585022912500E-002 -0.66463979919575988      -0.74124346547280673     
   1.3159180251669612E-002 -0.72350458139362639       0.69019414419244207     
   6.1327585972429217E-002  0.71213300621071174      -0.69936078576374916     
 -0.12169318034085219       0.76921689912337132       0.62729270038918372     
   5.7590198279812321E-002  0.71918043483988503      -0.69243257520541723     
  -1.5753757454013698E-004  0.69890623215242509       0.71521329255014077     
  0.12730977506673002       0.74470443344155712      -0.65513931952291482     
  0.23652325806802377       0.57878675750240627       0.78042465218157842     
   6.6192660591762348E-002  0.73344406240943361      -0.67651928206085199     
   5.6745076614266698E-002  0.69542102549303897       0.71635856495350925     
  0.17248257767737910       0.71686809465820267      -0.67553674604634573     
   8.9756542692292135E-002  0.69815915267672135       0.71029399587610864     
   3.4979381759395058E-002  0.70161656140614037      -0.71169561162926542     
   7.5206348719732544E-002  0.66471613496435700       0.74330105948417202     
   3.5949896764330538E-002 -0.71459163018038407      -0.69861749691714370     
   2.6601383107602346E-002 -0.71040891943972129       0.70328623873729401     
  -4.7754393262046620E-002 -0.72846357756450963      -0.68341812537134927     
 -0.11174182200020071      -0.68758892865314980       0.71745050728931070     
  0.11357633417082680      -0.74318482486165882      -0.65937601746777408     
   6.9173038636853854E-002 -0.76956900831934760       0.63480597993412158     
   7.8084934186118365E-002 -0.80016780265132137      -0.59467153173269161     
   1.5803030546530532E-002 -0.71974096811574906       0.69406282355515159     
  -5.4866991375167068E-002 -0.72154138823430847       0.69019391356512594     
 -0.13917074608952584      -0.73421613104368189      -0.66449843968825972     
 -0.11291440178305205      -0.65330183778337003       0.74863011335294716     
  -1.9903313326094810E-002 -0.71353271802837903      -0.70033914528725094     
 -0.16848271562646319      -0.79659266707624932       0.58056325865101044     
  -6.2440840638472897E-002 -0.73611052529030230      -0.67397510041335784     
  -6.9539611850663069E-002 -0.69488285365454083       0.71575279397329694     
  -9.6398771801902602E-005 -0.74524874955228970      -0.66678654155436079     
  -6.9837199307064626E-002  0.72078139124174057       0.68963537585637691     
  -2.6693524987551065E-002  0.70780418772804921      -0.70590416315416049     
   2.0647821820700923E-003  0.68952071033074191       0.72426302314803426     
   5.1389471172547663E-002  0.72121304704761513      -0.69080450419847472     
 -0.20190859643643319       0.66104517369295235       0.72267018550810835     
 -0.11037722580440842       0.53446119371341072      -0.83795471264153576     
 -0.11044164465330938       0.54547488061836757       0.83081875143779083     
  -5.8263593998397256E-002  0.57985837736686963      -0.81263129143040691     
   3.9585337903415056E-002  0.67524269579691332       0.73653262167808264     
  -1.0909840123597098E-002  0.63869149646151080      -0.76938556506879785     
  -4.9406614561387917E-002  0.70727768060509943       0.70520725248358962     
  0.12577293581789487       0.58754766840988326      -0.79935530645755870     
  -4.8409052820790777E-002 -0.68866205753004128       0.72346467372186463     
   1.6979356142978548E-003 -0.70487319393843173      -0.70933130304652670     
  -6.2984163846275781E-002 -0.72774152784548085       0.68295333936785951     
   4.8743882596766902E-003 -0.69311339413237882      -0.72081208592350021     
   5.4472401271516577E-002 -0.71176286804728262       0.70030448889666652     
   4.5796192899871135E-002 -0.71042731749213672      -0.70227895830418019     
  -5.6666606542955786E-002 -0.79940750818041539       0.59811080208242762     
  0.10210702567225280      -0.68885736763431915      -0.71766961922898931     
   3.5525758855376594E-003  0.74353240118038022       0.66869047219136879     
   5.7919448996057950E-002  0.59740029781670212      -0.79984887422344275     
  -5.7724491854079400E-002  0.77973114448548642       0.62344785295928462     
   8.6823445715410286E-002  0.70927727297559262      -0.69956231982176531     
  -7.4992841262546378E-002 -0.73181945650400704      -0.67735984295022267     
   1.8408299681852810E-002 -0.79695940629330009       0.60375229955955756     
  -6.9730232174580603E-002 -0.73825931590884686      -0.67090303114137173     
 -0.12663430732698316      -0.71887420244551026       0.68350832713738530     
   1.6649426355814720E-002  0.65037413050274162      -0.75943155516137539     
   7.3004619386768206E-003  0.72897732883914157       0.68449890963684656     
   3.9026943558339841E-002  0.70495768138062620      -0.70817481255615522     
  -5.9042425800824071E-003  0.71765520156208118       0.69637357186386972     
  -4.0217563544687203E-002  0.72689233949793775      -0.68557280748418226     
  -6.6168357105571493E-002  0.70547653882146433       0.70563772694665106     
  -1.7311313691831118E-002  0.70803582855770519      -0.70596429364158830     
  -8.7222876599547278E-002  0.73284453293406315       0.67478223179508434     
  -1.3977478589116452E-002 -0.72087415078890738      -0.69292502395039990     
  -6.2226125126616502E-002 -0.76520929438279783       0.64076723163868743     
  -7.2614264493855690E-002 -0.60798897110629935      -0.79061784675348656     
 -0.16823584446911871      -0.75155792465928128       0.63785373442317994     
   1.5641583703851981E-002 -0.68568798458826186      -0.72772750988987833     
  -4.8891495112342752E-003 -0.75855246363359752       0.65159362806311782     
   1.1831627917733949E-002 -0.71042684049608595      -0.70367159732617113     
   1.4893620951561243E-002 -0.77841677316001257       0.62757111733898707     
   4.4177921815935148E-002 -0.72272648932748385      -0.68972076440280916     
   1.3753088119532488E-002 -0.71485094007618732       0.69914160657149260     
  -5.7831263011092957E-004 -0.70652599414568062      -0.70768685529050168     
   1.4100212891313428E-002 -0.71971061514223611       0.69413097787665679     
   4.8672961149907691E-002  0.70347647140288772      -0.70904992562967084     
   9.6700093013108071E-002  0.66116246094768305       0.74398473925535602     
  0.10137235909265054       0.65117705022226446      -0.75212505215277947     
   3.8806249827802966E-002  0.69303112857687188       0.71986243810728834     
   8.4020303888958578E-002  0.70045348529957097      -0.70873514338297816     
   3.3487744601009319E-002  0.65221645086757740       0.75729272555547411     
   3.3730504867896055E-002  0.71171172743328404      -0.70166136424580750     
   6.5337159638059250E-002  0.69225956808117850       0.71868473336400496     
   6.9852005562395800E-003  0.70732995376427121       0.70684902453142218     
   2.4775674186535011E-002  0.69308353952338098      -0.72043137994561601     
  -1.5166884145562208E-002  0.69285726682165749       0.72091523318469120     
   2.2417723011312143E-002  0.69514987691865693      -0.71851520117180834     
  -1.1958762123245909E-003  0.70025770670729026       0.71388914691087113     
  -2.8058214297001154E-002  0.70032759038453052      -0.71326993680980333     
  -2.8840263969976940E-002  0.70719436353501275       0.70643072651071048     
   9.4526412516708538E-003  0.69877780607619733      -0.71527632793816365     
  -3.0574205049758850E-002 -0.71302775749315184       0.70046886799476138     
  -8.3078261898503775E-003 -0.71639842223412042      -0.69764194300834736     
 -0.11294744404284998      -0.66566864193998487       0.73765041450673885     
  -7.2891258059320741E-003 -0.70606745729219256      -0.70810706421975700     
  -6.3843817215009813E-002 -0.71309632313469273       0.69815299249892071     
   2.0063344764657341E-002 -0.72548922574500851      -0.68794101892877613     
 -0.10359695187946201      -0.67928449952487113       0.72652614561798778     
  -4.2072778906652626E-002 -0.71802081701388332      -0.69474886657682833     
 -0.74115279712741688       -9.8690514512727756E-002 -0.66404270469256643     
 -0.72291576333300867      -0.67399012695908989       0.15208585695692878     
 -0.69041346954708072        3.0465505167995181E-002 -0.72277319683481689     
 -0.68934244293347902        4.6042988079189974E-002 -0.72297098117368619     
  0.67879795761372874      -0.73367056739878955        3.0997278463902749E-002
  0.71532762373040815        3.5792854667674796E-002 -0.69787195264098856     
  0.68926930114307994       0.16989742037087019      -0.70430298668474633     
  0.70520006859565998       0.68389619258522005       0.18702636450542517     
  0.71528390803081476        2.3261750949573640E-002 -0.69844672084198745     
  0.68719072496430633        4.7263425286336917E-002 -0.72493798090128636     
  0.66739788943165057       0.71885820744302942       0.19448119388252635     
  0.73732422939848152      -0.65060169985633454       0.18185271206661643     
 -0.71285689437147992        5.3009362913659708E-002 -0.69930326439287904     
 -0.76681396333916751       -8.3352189660880635E-002 -0.63643440990161315     
 -0.67299967584890763      -0.19671629120928202       0.71300360243138328     
 -0.68863050532240344       -2.2772665059725382E-002 -0.72475473980201666     
  0.76827798705642991       0.57065877991189939       0.28999567499185630     
  0.74194877501968337       0.23100162259866366      -0.62940469143753275     
  0.72885593450800068       -4.2608855148726366E-002  0.68333996824083398     
  0.69304042982383951      -0.12616632208988759       0.70977251411976960     
 -0.71784766328082572       0.69541995232816889       -3.2951816735130000E-002
 -0.64107339811578190      -0.19081949526162434       0.74337932339848067     
 -0.70055707435633807      -0.14779753952174521       0.69812296401178964     
 -0.79903346597542568      -0.28099151089650137      -0.53159128195955152     
 -0.68417358645703208       -7.9724594101966806E-002  0.72494861382707565     
 -0.69498289545177649      -0.10997383713953232       0.71056634466759871     
 -0.71305635898280351      -0.38124784248502286      -0.58838823196483347     
 -0.68410146557745966       0.72823405630665849       -4.0991999584337815E-002
  0.68866039073568486       -4.5663736569363442E-002  0.72364472594934159     
  0.79994586970358228      -0.22653942111324357      -0.55566761307984824     
  0.73141904071384956       0.30140068053284330      -0.61170566178152308     
  0.68501435582015313        1.7138204498717315E-002  0.72832795790554472     
  0.77633509290585401      -0.57420413781449620      -0.25998736823078572     
  0.78465572861870003      -0.61990349303876235        5.9200392057913226E-003
  0.67893095813516358        9.8998872851330924E-002 -0.72749706340289444     
  0.70387185602530644       0.15021796761782510      -0.69426145831398456     
  0.73264079821872885      -0.66948426294617680      -0.12258989539451513     
  0.73381973255977762        6.3547827389998104E-002 -0.67636548828270904     
  0.68647729219888864       0.13612653707163841      -0.71429580231173517     
  0.73900212038351343       0.33085607752762380       0.58686465392942699     
 -0.72657611033689229       -1.1506710805452789E-002 -0.68698962983013911     
 -0.72064722759633393        7.1509220362131865E-002 -0.68960423777766744     
 -0.74678062164766712       0.32964248668785373       0.57762837023623759     
 -0.72731231891634129      -0.68548937688385769        3.3482905069822003E-002
 -0.70795287398378037       0.14863245526922828      -0.69044269962013982     
 -0.77701027981330628      -0.57111812658731398      -0.26472459377217689     
 -0.72373949120121017       -6.0186651634736597E-002  0.68744360920792069     
 -0.69390324478116316       -2.0148911126219790E-002 -0.71978629346674883     
 -0.74988884020398006       0.25168680538049731       0.61181735782412161     
 -0.67595059613268915      -0.73681465030508408       -1.3962903840488679E-002
 -0.72056778843399039        3.1925523654110208E-002  0.69264913427417130     
 -0.67824187226970634      -0.16352069407259484       0.71641394829393179     
 -0.74986606250648524       0.12919653736222886       0.64885217348378377     
 -0.69695295299136428       -5.7024649360604113E-002  0.71484597689426577     
 -0.71635307815736182      -0.10361963548856744       0.69000089750353888     
 -0.73667532524775958      -0.66831776572377555      -0.10325129146450619     
  0.68102950145389352        6.2831566137924663E-003  0.73222902161306602     
  0.70306074230595261       -5.8342979812699140E-002  0.70873245257627215     
  0.72340880831543863      -0.65939576900465324      -0.20463850045971058     
  0.72590279507701094       0.30449091561963071       0.61672555841679044     
  0.63573876625568726      -0.25087326081305311       0.72999919732060159     
  0.65221309046988074      -0.74997736732845288      -0.11023626043553027     
  0.72062821446794967      -0.69331954115360905       -1.7292678461262715E-003
  0.64892185821652570      -0.12805322320300830       0.75000186263510837     
  0.70835449535165396       -5.7294582036479195E-003 -0.70583360802939676     
  0.79961421714030134      -0.12060490846810321      -0.58827847130462230     
  0.64760923055176922        1.7008962601667506E-002 -0.76178276411018941     
  0.68338808373580062        9.8549326585073441E-002 -0.72337317978864735     
 -0.71463971785939129      -0.30164097022086894      -0.63111235033238144     
 -0.71031196048148360        2.9217696383474275E-002 -0.70328034596097899     
 -0.70202401580115426        4.4456182772044807E-002 -0.71076432736298711     
 -0.69136271760094059       0.72230216097017985        1.7238937590537105E-002
 -0.70184381090573145        7.8450235458169565E-002 -0.70799775822376554     
 -0.68313779961598975        8.5660886886491372E-002 -0.72524820523296962     
 -0.69312762575443443       0.71963327901081631        4.1255765126358791E-002
 -0.79442844077820485      -0.12750679941942161      -0.59382275856060429     
  0.71534389782081398       0.14341915591978310      -0.68389623011519951     
  0.71108227863471563       -2.6055738577338165E-002 -0.70262585456190696     
  0.64659615631424083       0.75462336455841794       0.11161087895981531     
  0.69917233698146153        1.7503155420912658E-002 -0.71473889130940194     
 -0.67485088368023183       -1.1639862294321615E-003  0.73795320307731416     
 -0.78690894822706881       -5.1999457474195446E-002 -0.61487426651516153     
 -0.73769025803480437       -2.9167419899148724E-002  0.67450896570540153     
 -0.68152129390930927      -0.21029694961654283       0.70093075187935505     
  0.68259151746466784       0.71939530697460607       0.12860487000185641     
  0.72457102501001835       -1.0258486537102939E-002  0.68912378653613415     
  0.72030287313035279       -3.1266383970545243E-002  0.69295467686823886     
  0.73378236106186345      -0.66970786750991662       0.11425768591126464     
  0.70377951877481959       -4.9018207642179422E-002  0.70872533768211765     
  0.70098886527721660       -8.7784621020269155E-002  0.70774887571064915     
  0.67647872688911592      -0.73635139834897723        1.2773026892127472E-002
  0.73547834617635655       0.66345008350749946       0.13749759634111294     
 -0.71397369286567236      -0.13194793603795438       0.68762730317453091     
 -0.66767298968719879      -0.73690040361439713       0.10578550938146591     
 -0.81495055854605281        9.7367823839468763E-004 -0.57952967057447946     
 -0.71105569405560509       -5.3784656620719393E-002  0.70107560980488615     
 -0.70977583387986198        5.1576406045776207E-002 -0.70253693139901741     
 -0.72320286137313849      -0.68254248042700494       0.10542003469102368     
 -0.70176855462296495       -3.3379709200887814E-002 -0.71162257605844603     
 -0.69782156577468513        1.2378320616839411E-002 -0.71616467346447177     
 -0.70282041095289194      -0.71116317995874212       -1.7041168357178126E-002
 -0.71158872945306129        3.8130844428348860E-002 -0.70156077343203760     
 -0.72207369770230379        5.9808912579230475E-002 -0.68922599273577301     
 -0.69477313584395906       0.71922262139502979       -3.0183742666244711E-003
  0.71691534559175663        3.4421809558140686E-004 -0.69716014571184048     
  0.71101352605457058        7.8671579163932651E-002 -0.69876358548460415     
  0.61463783049932852       0.78811250804350519        3.3151349662639648E-002
  0.72543485485547277      -0.67369553477765365       0.14099148123723879     
