 -0.45272015769916391       0.79319588796788698       0.40728950652291479     
 -0.45272019371613359       0.79319588944347275       0.40728946361476692     
 -0.45272019328665242       0.79319589525397005       0.40728945277621548     
 -0.45272016674265003       0.79319588056278334       0.40728951089211474     
 -0.45272020262386142       0.79319588208301173       0.40728946804792648     
 -0.45272020212601227       0.79319588790738815       0.40728945725833926     
 -0.45272016452349778       0.79319587808975611       0.40728951817501707     
 -0.45272020030784410       0.79319587961553384       0.40728947542769262     
 -0.45272019974568783       0.79319588549553643       0.40728946460125415     
  0.79319587243851875      -0.45272018929289576       0.40728950164852235     
  0.79319587839046768      -0.45272018906737993       0.40728949030777906     
  0.79319587991676566      -0.45272022461025069       0.40728944782784643     
  0.79319586888038351      -0.45272019079415193       0.40728950690927490     
  0.79319587483154297      -0.45272019054081725       0.40728949560099070     
  0.79319587634901378      -0.45272022593038347       0.40728945330865457     
  0.79319586602864967      -0.45272019699029709       0.40728950557573529     
  0.79319587185189677      -0.45272019683928499       0.40728949440282425     
  0.79319587334768560      -0.45272023243687826       0.40728945192148169     
 -0.45272016123868247       0.79319588063006841       0.40728951687897830     
 -0.45272019716657136       0.79319588210200553       0.40728947407695437     
 -0.45272019673814834       0.79319588789813211       0.40728946326521415     
 -0.45272017025980399       0.79319587324327856       0.40728952123737117     
 -0.45272020605226976       0.79319587475974740       0.40728947849915004     
 -0.45272020555564668       0.79319588056972024       0.40728946773625180     
 -0.45272016804614162       0.79319587077636766       0.40728952850225986     
 -0.45272020374198191       0.79319587229837263       0.40728948586066166     
 -0.45272020318121131       0.79319587816383330       0.40728947506100371     
  0.79319586513626894      -0.45272019275950715       0.40728951201635516     
  0.79319587107349765      -0.45272019253454365       0.40728950070366532     
  0.79319587259602131      -0.45272022798950839       0.40728945832879543     
  0.79319586158693345      -0.45272019425705212       0.40728951726409468     
  0.79319586752337434      -0.45272019400433844       0.40728950598378522     
  0.79319586903709305      -0.45272022930637645       0.40728946379604880     
  0.79319585874225396      -0.45272020043786887       0.40728951593385510     
  0.79319586455110003      -0.45272020028722315       0.40728950478858361     
  0.79319586604319026      -0.45272023579677467       0.40728946241230701     
 -0.45272016476944665       0.79319587331039798       0.40728952720942879     
 -0.45272020060847645       0.79319587477869535       0.40728948451326469     
 -0.45272020018110865       0.79319588056048740       0.40728947372826840     
 -0.45272017376825757       0.79319586594187674       0.40728953155704212     
 -0.45272020947220143       0.79319586745459514       0.40728948892452232     
 -0.45272020897680304       0.79319587325019891       0.40728947818824651     
 -0.45272017156007194       0.79319586348106752       0.40728953880396046     
 -0.45272020716762829       0.79319586499930850       0.40728949626782490     
 -0.45272020660824031       0.79319587085026311       0.40728948549488103     
  0.79319585785207913      -0.45272019621754639       0.40728952235854349     
  0.79319586377462437      -0.45272019599313440       0.40728951107383748     
  0.79319586529338337      -0.45272023136040962       0.40728946880377093     
  0.79319585431152229      -0.45272019771138827       0.40728952759330317     
  0.79319586023328148      -0.45272019745929415       0.40728951634089744     
  0.79319586174325729      -0.45272023267402051       0.40728947425750162     
  0.79319585147387994      -0.45272020387691381       0.40728952626635556     
  0.79319585726835984      -0.45272020372663629       0.40728951514865275     
  0.79319585875676046      -0.45272023914836279       0.40728947287718431     
  0.92375426418450191       -2.4337578824312717E-002 -0.38221164511029715     
  0.92375424676634277       -2.4337539060299555E-002 -0.38221168973964553     
  0.92375424165040876       -2.4337496326214288E-002 -0.38221170482528333     
  0.92375426634949565       -2.4337575607957070E-002 -0.38221164008260139     
  0.92375424897904801       -2.4337535815742918E-002 -0.38221168459843330     
  0.92375424387247562       -2.4337493034833249E-002 -0.38221169966442736     
  0.92375426955981133       -2.4337568955468580E-002 -0.38221163274730052     
  0.92375425223784768       -2.4337529104339967E-002 -0.38221167714970516     
  0.92375424712393117       -2.4337486362991975E-002 -0.38221169223092899     
 -0.34774492217017605       0.36481295423770638       0.86370421877238468     
 -0.34774494057470245       0.36481290194539134       0.86370423344966829     
 -0.34774497845500607       0.36481285235961469       0.86370423914241001     
 -0.34774493667537515       0.36481293938366244       0.86370421920637375     
 -0.34774495505087444       0.36481288712344995       0.86370423388178330     
 -0.34774499280261884       0.36481283743151993       0.86370423967112142     
 -0.34774494595515826       0.36481293189325081       0.86370421863395719     
 -0.34774496429647100       0.36481287966088943       0.86370423331136637     
 -0.34774500204407854       0.36481282997086056       0.86370423910156646     
  0.92375426808100991       -2.4337556994487402E-002 -0.38221163708298789     
  0.92375425070593142       -2.4337517328813056E-002 -0.38221168160195335     
  0.92375424560265140       -2.4337474700413166E-002 -0.38221169665027710     
  0.92375427024064805       -2.4337553786086534E-002 -0.38221163206772901     
  0.92375425291316282       -2.4337514092281361E-002 -0.38221167647345972     
  0.92375424781922089       -2.4337471417173798E-002 -0.38221169150218792     
  0.92375427344302297       -2.4337547150052215E-002 -0.38221162475057147     
  0.92375425616390083       -2.4337507397478260E-002 -0.38221166904315723     
  0.92375425106263320       -2.4337464761834536E-002 -0.38221168408707779     
 -0.34774494418608770       0.36481292231686002       0.86370422339111419     
 -0.34774496254509085       0.36481287015386848       0.86370423803209984     
 -0.34774500033170846       0.36481282069072174       0.86370424371076193     
 -0.34774495865541344       0.36481290749955225       0.86370422382402878     
 -0.34774497698546269       0.36481285536858393       0.86370423846314481     
 -0.34774501464383900       0.36481280579954656       0.86370424423816428     
 -0.34774496791224352       0.36481290002766664       0.86370422325302787     
 -0.34774498620819150       0.36481284792448010       0.86370423789413864     
 -0.34774502386243861       0.36481279835733910       0.86370424367001897     
  0.92375427196788062       -2.4337535218650043E-002 -0.38221162907553152     
  0.92375425463577421       -2.4337495651071919E-002 -0.38221167348439172     
  0.92375424954511631       -2.4337453128097038E-002 -0.38221168849549392     
  0.92375427412217737       -2.4337532018183859E-002 -0.38221162407267695     
  0.92375425683754608       -2.4337492422544543E-002 -0.38221166836858256     
  0.92375425175620318       -2.4337449852976551E-002 -0.38221168336013878     
  0.92375427731662985       -2.4337525398564264E-002 -0.38221161677362098     
  0.92375426008024275       -2.4337485744300873E-002 -0.38221166095666065     
  0.92375425499159247       -2.4337443214099325E-002 -0.38221167596337008     
 -0.34774496614754663       0.36481289047495896       0.86370422799842039     
 -0.34774498446114077       0.36481283844097223       0.86370424260319678     
 -0.34774502215430247       0.36481278910015275       0.86370424826781478     
 -0.34774498058109060       0.36481287569429560       0.86370422843026284     
 -0.34774499886580240       0.36481282369225304       0.86370424303317406     
 -0.34774503643103954       0.36481277424580355       0.86370424879391172     
 -0.34774498981502361       0.36481286824089093       0.86370422786067425     
 -0.34774500806571751       0.36481281626656042       0.86370424246557609     
 -0.34774504562683756       0.36481276682200381       0.86370424822717118     
  -2.4337603001699733E-002  0.92375425893173790      -0.38221165626601100     
  -2.4337560605100457E-002  0.92375425364419406      -0.38221167174492593     
  -2.4337520691954714E-002  0.92375423640675136      -0.38221171594699760     
  -2.4337598490577417E-002  0.92375426073839895      -0.38221165218680303     
  -2.4337556135481733E-002  0.92375425546528123      -0.38221166762820863     
  -2.4337516147200443E-002  0.92375423830981485      -0.38221171163693901     
  -2.4337591756390376E-002  0.92375426039713149      -0.38221165344040431     
  -2.4337549416352723E-002  0.92375425511566656      -0.38221166890102448     
  -2.4337509445558000E-002  0.92375423787619648      -0.38221171311166652     
  0.36481292264343451      -0.34774491335437485       0.86370423566665100     
  0.36481287295719816      -0.34774495140017070       0.86370424133519685     
  0.36481282077736282      -0.34774496926962528       0.86370425618039603     
  0.36481291280462402      -0.34774493684769836       0.86370423036349420     
  0.36481286309711985      -0.34774497489274286       0.86370423604132440     
  0.36481281090100148      -0.34774499262688585       0.86370425094787928     
  0.36481290300891989      -0.34774494257517441       0.86370423219502235     
  0.36481285324592616      -0.34774498062545517       0.86370423789418116     
  0.36481280107315517      -0.34774499830600275       0.86370425281245233     
  -2.4337581104688498E-002  0.92375426283661244      -0.38221164822276105     
  -2.4337538812939128E-002  0.92375425756214691      -0.38221166366338866     
  -2.4337498998501825E-002  0.92375424036733689      -0.38221170775613655     
  -2.4337576604723132E-002  0.92375426463880450      -0.38221164415364300     
  -2.4337534354375981E-002  0.92375425937873035      -0.38221165955685210     
  -2.4337494464988670E-002  0.92375424226569292      -0.38221170345673888     
  -2.4337569887193090E-002  0.92375426429838270      -0.38221164540413949     
  -2.4337527651865348E-002  0.92375425902998143      -0.38221166082651736     
  -2.4337487779921670E-002  0.92375424183314758      -0.38221170492781703     
  0.36481289080728557      -0.34774493539859230       0.86370424023820813     
  0.36481284124392716      -0.34774497335029181       0.86370424589273498     
  0.36481278919313781      -0.34774499117554841       0.86370426070121997     
  0.36481288099280618      -0.34774495883381251       0.86370423494816717     
  0.36481283140823390      -0.34774499678476190       0.86370424061195472     
  0.36481277934120321      -0.34774501447504175       0.86370425548164331     
  0.36481287122133138      -0.34774496454712239       0.86370423677516406     
  0.36481282158140566      -0.34774500250329482       0.86370424246022848     
  0.36481276953766362      -0.34774502014011172       0.86370425734160472     
  -2.4337559261831600E-002  0.92375426673182770      -0.38221164019940590     
  -2.4337517074673704E-002  0.92375426147040873      -0.38221165560184023     
  -2.4337477358701211E-002  0.92375424431812525      -0.38221169958553586     
  -2.4337554772995273E-002  0.92375426852956166      -0.38221163614035331     
  -2.4337512627136362E-002  0.92375426328249854      -0.38221165150546149     
  -2.4337472836398689E-002  0.92375424621178592      -0.38221169529677274     
  -2.4337548072081019E-002  0.92375426818998319      -0.38221163738775349     
  -2.4337505941204870E-002  0.92375426293461294      -0.38221165277198388     
  -2.4337466167867815E-002  0.92375424578031140      -0.38221169676420930     
  0.36481285904987260      -0.34774495738828781       0.86370424479845864     
  0.36481280960908868      -0.34774499524612423       0.86370425043900056     
  0.36481275768702665      -0.34774501302729111       0.86370426521086252     
  0.36481284925966379      -0.34774498076554966       0.86370423952150033     
  0.36481279979771908      -0.34774501862263790       0.86370424517127986     
  0.36481274785945439      -0.34774503626916192       0.86370426000419454     
  0.36481283951235821      -0.34774498646472801       0.86370424134397783     
  0.36481278999519645      -0.34774502432702564       0.86370424701498205     
  0.36481273808016418      -0.34774504192022043       0.86370426185955440     
