  0.53239539323642304       0.58327581479572965      -0.61346920797625371     
  0.51773395861999472      -0.58449801117909383      -0.62475084875440812     
  0.54027325230713386      -0.56706396231611989      -0.62172604536388387     
  0.54575846938491857      -0.57578849718337188      -0.60878181609337267     
  0.52577949518152278      -0.57207133918355346      -0.62951592937065459     
  0.52420965910285122       0.57536095940971155      -0.62782481608360208     
  0.54096948338276896      -0.58516346695916577      -0.60409911023350238     
  0.51626121159329608       0.57891235269698094      -0.63113774193837291     
  0.54123714920631105      -0.56745306181929045      -0.62053152293089653     
 -0.39302989969540775      -0.39482167668113055       0.83044767539449382     
 -0.38277116089817009       0.52687475675223316       0.75887365818161223     
 -0.39786192920771241       0.52818556200848510       0.75015058313174554     
 -0.39000330682456930       0.53541162427276456       0.74915406510243321     
 -0.37913962431924825       0.52115484417518021       0.76462459655951631     
 -0.38797723206309459      -0.40169614894498973       0.82952629332856254     
 -0.39116599129679802       0.53708210957737235       0.74734996810377441     
 -0.37300973490046052      -0.39829695909084600       0.83798763120255715     
 -0.39451916377678981       0.52127001613095492       0.75672465249633336     
  0.50225586122417532       0.57878481649027236      -0.64245403420500324     
  0.54716030132401183      -0.57520489731533986      -0.60807477398710263     
  0.55157889781536740      -0.57775008260117133      -0.60163573824958572     
  0.52053420359375757      -0.56699062499839292      -0.63840878287578740     
  0.54113649807875175      -0.58613534506896670      -0.60300634134969788     
  0.54148030574179284       0.57931991785797932      -0.60925159931410811     
  0.52285918668287978      -0.56899680483457904      -0.63471324784453442     
  0.53880836571137891       0.57960114026419141      -0.61134937903287501     
  0.54597369117754913      -0.58463080004672052      -0.60009962187847909     
 -0.37089043575477842      -0.40045774125038436       0.83789849154791463     
 -0.39077578285687531       0.53580076496040796       0.74847299737561523     
 -0.39396402943715136       0.52252282608903744       0.75614961464353658     
 -0.37892662384470555       0.51978123139461940       0.76566447301121787     
 -0.39192389395630345       0.53650576389283966       0.74736686216067194     
 -0.38914837876710434      -0.40142072689842567       0.82911093305978900     
 -0.38319189454335145       0.52915084003124502       0.75707553153599205     
 -0.39513975021618858      -0.39242354068878155       0.83058313401631767     
 -0.39902964590302015       0.52836190462998589       0.74940579089454862     
  0.53551527493096163       0.58205293433814986      -0.61191320621797829     
  0.54168367253016370      -0.56876187948574564      -0.61894161546795057     
  0.52581292390855228      -0.58647951256412645      -0.61608647963843821     
  0.54302257202600190      -0.58696211706166579      -0.60050142331617584     
  0.54133909303082683      -0.56914182597365748      -0.61889382634175027     
  0.52159766785333772       0.57819410566877005      -0.62739736137463198     
  0.54783874556515044      -0.57771038816110509      -0.60508133029233979     
  0.52373015708629000       0.57647791538897009      -0.62720007623337981     
  0.53147923610361103      -0.57448588813056500      -0.62249159506740182     
 -0.38516735180833089      -0.40168455592830687       0.83084031475948272     
 -0.39263134905753949       0.52082101974800932       0.75801457052348287     
 -0.37658173322688976       0.53249730305946019       0.75804539470551047     
 -0.39549280592996522       0.52805644989850531       0.75149306462417220     
 -0.39687549065377209       0.52869443586962750       0.75031462627275514     
 -0.38115468559634247      -0.39006384865436572       0.83819526342070050     
 -0.39365276863042747       0.52143171733003313       0.75706437104902236     
 -0.38852712141296220      -0.39850562325010902       0.83080680315257360     
 -0.37854852340538830       0.53231168205401480       0.75719567390234466     
 -0.31382114591166604      -0.77866184556568996       0.54332496596320923     
 -0.33735718381460639      -0.79428587872869860       0.50527227648155904     
 -0.32520278565737903      -0.78155011861612367       0.53237445495797742     
 -0.31663872782556768      -0.78939409112434977       0.52592479019244587     
 -0.32995632084420740      -0.78357217737558482       0.52644417479713779     
 -0.32489269991906361      -0.78139279995493283       0.53279454362623824     
 -0.32154506051464582       0.78953125633134713       0.52273240700618284     
 -0.33759413561591456       0.79470260079417665       0.50445810122220758     
 -0.34192909813770356       0.77457034671167968       0.53209516991012518     
  0.46067903799523946       0.79532740658122336      -0.39399129469134997     
  0.47214107659964422       0.79825589740719849      -0.37399241441766873     
  0.47534479235672217       0.77544309718905124      -0.41561440230241803     
  0.46039112930681991       0.79460428579030706      -0.39578281551788852     
  0.48561050046807192       0.77600015839570380      -0.40249993292544961     
  0.46136157683560636       0.79595355785246247      -0.39192273366286057     
  0.47039451559918000      -0.78718798885373498      -0.39882837148154965     
  0.49291475395128825      -0.77920382800104182      -0.38713878618095560     
  0.48074210006548390      -0.77947784354709293      -0.40162336167583929     
 -0.34545673701919455      -0.78561980705202084       0.51328467892154794     
 -0.31504979253435655      -0.78951850872059470       0.52669170547073108     
 -0.30400001817097672      -0.77785437504092880       0.55002414508976971     
 -0.36188934167942982       0.77858546635968029       0.51267999371177730     
 -0.31941108623453984       0.78952152651898122       0.52405373498679408     
 -0.31480623640269700       0.78984237281458047       0.52635165016232499     
 -0.34247775673576636      -0.78435620696445041       0.51719853706055396     
 -0.30633875705470376      -0.77712444551212734       0.54975827607562910     
 -0.30681014310821642      -0.78914577877707293       0.53208690636421685     
  0.47496787733434515       0.79702926006861941      -0.37302798031109596     
  0.45966753135337479       0.79662771921672493      -0.39254303916265404     
  0.47672156885289257       0.77492224028955692      -0.41500851472596417     
  0.49454128486351262      -0.77856600505599949      -0.38634685625314397     
  0.46905723422569617      -0.78815706023036636      -0.39848934669519936     
  0.48145930576074997      -0.77868033555485583      -0.40231066592442460     
  0.48863334945833142       0.77413362613134373      -0.40243580691815850     
  0.45894698208767032       0.79531609249267943      -0.39603027744706021     
  0.46061035216042306       0.79626436332990624      -0.39217491910303243     
 -0.32010624606840415       0.79003868976174507       0.52284879258494943     
 -0.34393280567019213       0.77397448503222921       0.53167068915158899     
 -0.33248729612847056       0.79472027907773279       0.50781086630338002     
 -0.31602942239715509      -0.78919862315802580       0.52658421680183010     
 -0.32734569599154151      -0.78082233460680783       0.53212900418506359     
 -0.32554783423833400      -0.78364192846411118       0.52907838320590928     
 -0.31051166509560257      -0.77718976220759617       0.54731944909646379     
 -0.32483687718082715      -0.78011705137998777       0.53469466929229958     
 -0.32880058333853901      -0.79348521693123897       0.51212438616787326     
  0.48496289640431089      -0.77785611715014813      -0.39968844131803011     
  0.48377780675037985      -0.77872448392394622      -0.39943361379981002     
  0.48015599869746772      -0.78912675961283985      -0.38305244311683578     
  0.46495625118363060       0.79578910094956534      -0.38798890614957982     
  0.47754983626730102       0.77457531848741568      -0.41470378569672162     
  0.46852922018262427       0.79678200130013399      -0.38160033050197323     
  0.47853862521208301       0.77348280911036815      -0.41560212726941548     
  0.46126787418387311       0.79717833183721876      -0.38953646234353956     
  0.46811231308198853       0.79654946111849689      -0.38259615566921534     
 -0.78273188347695855       0.43998389732674026      -0.44016470631092808     
 -0.75759079194052270       0.27306685842483142       0.59286649660520085     
 -0.76120455785209695       0.28057935466844314       0.58467328213202419     
 -0.75826912267767921       0.27774600058150128       0.58981785048827007     
 -0.75721553319559110       0.27549394589525589       0.59222269634182245     
 -0.78319714671781582       0.44089785662906333      -0.43841910244989324     
  0.77733748856826479       0.25094289670712661       0.57686574821063796     
  0.81303944812856577       0.40567327799326619      -0.41760752784042993     
  0.77904576311866858       0.25303365988057308       0.57363896828431549     
  0.81015881040445226      -0.23295581382931280       0.53793521052926552     
  0.80725750943516850      -0.30092645363801374      -0.50771900000037151     
  0.80694312451835593      -0.29546992620095713      -0.51141012553854848     
  0.80661415004196380      -0.29424289651073204      -0.51263508542144764     
  0.80693511173623123      -0.30145813172118302      -0.50791605631876813     
  0.80903874984305746      -0.23986380543749583       0.53658331700997353     
 -0.78791694761104336      -0.30486345679316068      -0.53501883740614309     
 -0.77933407178594838      -0.24037094766126085       0.57867107416386543     
 -0.78723177560799706      -0.31132924924563576      -0.53229712570821641     
 -0.78385713866519324       0.43891576967947543      -0.43922765542516751     
 -0.76087571537143550       0.27917864931477870       0.58577079777399454     
 -0.75331150037158967       0.27536572287161826       0.59723990328451393     
  0.77864371512306840       0.25070300742509544       0.57520602132397625     
  0.77835969881621914       0.25027853400265115       0.57577498615015232     
  0.81309825051526541       0.40571244355754388      -0.41745496541732668     
 -0.75884236952347295       0.27538547262590779       0.59018734286886076     
 -0.78248187339486963       0.44385505442362988      -0.43670906616539529     
 -0.75313752084671537       0.27936883462442469       0.59559795914144487     
  0.80997169923526857      -0.23239280753546276       0.53846023942693944     
  0.80659083659986786      -0.29377030250997765      -0.51294271773398004     
  0.80721364075928848      -0.29967415938065944      -0.50852879601024492     
 -0.78812758142783768      -0.30686952885623814      -0.53355975077985174     
 -0.78689916546528993      -0.30889488834562068      -0.53420375452066682     
 -0.77794287091282255      -0.24179761716831891       0.57994724064145597     
  0.80615710155643550      -0.29206115793652715      -0.51459790869658795     
  0.80929178719943162      -0.23752153440050619       0.53724326321283822     
  0.80734867898687879      -0.30256460509694438      -0.50659922056855933     
  0.81343379357799472       0.40388591766719506      -0.41857093661103617     
  0.77752303225845232       0.24981286290829680       0.57710611488112162     
  0.77868964556625908       0.25014481977038122       0.57538683077555530     
 -0.75608442085873728       0.27091762617639253       0.59576840161396305     
 -0.75775109991739198       0.27759435082599887       0.59055452497078953     
 -0.78331457806409177       0.44060232976246155      -0.43850639539254704     
 -0.75543231472371342       0.27081105810472483       0.59664343512635076     
 -0.78130082233376952       0.44522496825784147      -0.43742856863764562     
 -0.75952124058738679       0.27915134455528051       0.58753894503222159     
 -0.77604305123202333      -0.23875381520625702       0.58374120837829135     
 -0.78865262158837945      -0.30778994873036608      -0.53225218639507255     
 -0.78858080762490423      -0.30883603367500162      -0.53175239928894236     
  0.80757245989144089      -0.30106744071378838      -0.50713422105684869     
  0.80648211337522457      -0.29423683350198016      -0.51284626021504665     
  0.81035783921877846      -0.23849439057166374       0.53520145560575882     
  0.80728465914190040      -0.30055806260273665      -0.50789401465131989     
  0.81110077218620280      -0.23689481149461217       0.53478629904465358     
  0.80671193022249454      -0.29636681650425922      -0.51125587694600427     
