  0.42864205699460023       0.42889933499382771       0.79518007232154042     
  0.42865742042411037       0.42889772780740787       0.79517265734995579     
  0.42865761604894770       0.42889198100221254       0.79517565156085523     
  0.42866969329044025       0.42888631574742586       0.79517219658315463     
  0.42867676820980344       0.42887961511388140       0.79517199657493420     
  0.42867319706225215       0.42888352230101806       0.79517181440183071     
  0.42864689609450995       0.42888173156948961       0.79518695839060305     
  0.42865374742091467       0.42888019065133648       0.79518409622481745     
  0.42865400436657569       0.42888391669901316       0.79518194807063713     
  0.42885777716969536       0.42866376591559019       0.79519078387021824     
  0.42884468918938007       0.42866492313870858       0.79519721844618463     
  0.42883958127671673       0.42867345079964086       0.79519537606171864     
  0.42884473866348005       0.42866783836513556       0.79519562025454682     
  0.42884498699829837       0.42866695265178051       0.79519596379173452     
  0.42884457599258086       0.42867026277701531       0.79519440104444150     
  0.42890585586687863       0.42868234132938932       0.79515483840284407     
  0.42891499867354788       0.42867944567025268       0.79515146781774548     
  0.42889702713772360       0.42868041674892349       0.79516063811559001     
  0.42863945241787760       0.42888765867449524       0.79518777409339714     
  0.42864735320393271       0.42887996354588720       0.79518766556086706     
  0.42863709936999161       0.42886110414976020       0.79520336417241633     
  0.42867576842292066       0.42888780492763118       0.79516811829409795     
  0.42867798388854633       0.42886521520759080       0.79517910769473688     
  0.42867405668958497       0.42888931545187442       0.79516822636000561     
  0.42864382529458178       0.42885111772467072       0.79520512439440982     
  0.42865459554203444       0.42887694903933510       0.79518538738045630     
  0.42865106264559161       0.42887825526964202       0.79518658731751302     
  0.42884686573964542       0.42865892241142056       0.79519927941514279     
  0.42885066885626466       0.42866137715758046       0.79519590514218619     
  0.42885417772808360       0.42869053449900985       0.79517829439448506     
  0.42885140666527222       0.42867384105837891       0.79518878827198813     
  0.42885672175484718       0.42869582430922964       0.79517407051884925     
  0.42884950830943558       0.42867057027066691       0.79519157528646933     
  0.42891751716060500       0.42871721688105707       0.79512974502438449     
  0.42889852830291947       0.42867062520384908       0.79516510707332411     
  0.42889846813716515       0.42868288719165387       0.79515852901080109     
  0.42863325467006652       0.42886655988313471       0.79520249421449340     
  0.42862974233219114       0.42885379435377352       0.79521127196274755     
  0.42863006153222594       0.42884349880106454       0.79521665216904347     
  0.42866151518716117       0.42885718459461170       0.79519231675050162     
  0.42866472282012241       0.42884236912375118       0.79519857762314694     
  0.42865844937409620       0.42885902660552966       0.79519297599963301     
  0.42864572010565583       0.42885319250384718       0.79520298409548351     
  0.42864951195981732       0.42886357906780848       0.79519533854629709     
  0.42864027965885215       0.42885847124333049       0.79520306984871136     
  0.42884365998227486       0.42866480895274367       0.79519783504390573     
  0.42885756759298677       0.42866558738651139       0.79518991499440173     
  0.42884025580823920       0.42867770337352340       0.79519271980364947     
  0.42884851311380817       0.42867749441153091       0.79518837930714736     
  0.42885396300348200       0.42867823365248947       0.79518504161533965     
  0.42884185671184871       0.42867577053399791       0.79519289841460328     
  0.42889715390544131       0.42870135453274677       0.79514928157774278     
  0.42890937714371735       0.42868305714501637       0.79515255310851563     
  0.42890683290312498       0.42869267361113728       0.79514874097941302     
  0.75333171514961450       0.44943810001966811       0.48010074067892344     
  0.75326941874106934       0.44953306941999849       0.48010957320941483     
  0.75319500665144967       0.44964130732115426       0.48012495946976769     
  0.75331053842104834       0.44946635054249845       0.48010752174257615     
  0.75325120487546093       0.44956268788093195       0.48011041648660169     
  0.75318332536679877       0.44966497522958054       0.48012111851197697     
  0.75346223309411209       0.44927138095906782       0.48005196547037082     
  0.75340954866195686       0.44936358465694753       0.48004835253258066     
  0.75333002465839982       0.44947236915616173       0.48007131065428377     
  0.74637000582598623       0.46067037076770595       0.48032762142111041     
  0.74645690174488244       0.46054982666454153       0.48030818335386688     
  0.74651532391564979       0.46045979514037427       0.48030370414811202     
  0.74641581859522033       0.46063303141730333       0.48029224032679607     
  0.74649492209909274       0.46051962095291299       0.48027805487827041     
  0.74654884012573863       0.46042947531805456       0.48028067581910400     
  0.74622160295717965       0.46091759913904773       0.48032102398699289     
  0.74630132896015211       0.46079943765740528       0.48031052939419278     
  0.74635968723086821       0.46070819473075880       0.48030737719148775     
  0.75330760214718617       0.44947051854166753       0.48010822687092258     
  0.75325145687150952       0.44956542823103313       0.48010745511853525     
  0.75318578215148035       0.44966953368282214       0.48011299507755051     
  0.75341172452731597       0.44929509311520605       0.48010904245533026     
  0.75336126834885397       0.44938656117667375       0.48010261193375059     
  0.75328781296146996       0.44949400359634872       0.48011728939359288     
  0.75332156920983140       0.44951019855464658       0.48004915868960712     
  0.75325615421284786       0.44960592569987801       0.48006216026263304     
  0.75318688829565350       0.44971173410423187       0.48007173162817579     
  0.74633284255813925       0.46071647676214067       0.48034114560275565     
  0.74641446903877195       0.46060369372613663       0.48032247265291206     
  0.74646683624068566       0.46050802539300961       0.48033282309400044     
  0.74625241667251030       0.46088605903995361       0.48030341576243091     
  0.74633575259967533       0.46076794753529865       0.48028725041956366     
  0.74639049902336740       0.46067667253728933       0.48028973166997829     
  0.74636989452063207       0.46067232708984973       0.48032591810861397     
  0.74645899392173010       0.46055149698647879       0.48030333021630395     
  0.74651461614616099       0.46046021614521909       0.48030440059159152     
  0.75340328334079276       0.44931481409781360       0.48010383302319126     
  0.75335465720152350       0.44940633635432303       0.48009447540808070     
  0.75327570594483018       0.44951212172242322       0.48011932189605022     
  0.75333166067211432       0.44943589426462099       0.48010289103019865     
  0.75327739961838047       0.44953125037472147       0.48009875459191742     
  0.75320334206155681       0.44963837471161439       0.48011462953548845     
  0.75334909910881387       0.44945900887537255       0.48005388678012612     
  0.75329778708897210       0.44955487407406514       0.48004464288554383     
  0.75323712346738425       0.44965360345383315       0.48004736509178303     
  0.74624412594990486       0.46087524315689177       0.48032667501434728     
  0.74631186946567307       0.46076795072599547       0.48032435819810260     
  0.74637032457940755       0.46068024322729861       0.48031765748020022     
  0.74638558958913481       0.46067034353497399       0.48030343142751819     
  0.74646350330248779       0.46055592300928289       0.48029207782186478     
  0.74652200481374287       0.46045916202684412       0.48029392712630314     
  0.74640169313401095       0.46063154401348860       0.48031561826202485     
  0.74647656845793908       0.46051831413965050       0.48030783367048452     
  0.74653215948464613       0.46042676579778186       0.48030920061163224     
  0.44934890110088876       0.75341822649677015       0.48004847782477672     
  0.44946761171146105       0.75333911765871320       0.48006149588108671     
  0.44955910024270329       0.75328005909536011       0.48006850340161034     
  0.44938642869570228       0.75338692569745125       0.48006247290562670     
  0.44950337659731582       0.75330867300705373       0.48007578318424210     
  0.44959420638089242       0.75325593563144688       0.48007347877666517     
  0.44918730941516438       0.75350430141206737       0.48006460899953629     
  0.44930747856874770       0.75342752926382617       0.48007264851228609     
  0.44939789672857744       0.75337518518163027       0.48007016233929334     
  0.46058576343901325       0.74644911547217729       0.48028582378423934     
  0.46049041968003696       0.74650632985849752       0.48028832263974480     
  0.46038616505062263       0.74658417961266244       0.48026726078514748     
  0.46055372326187854       0.74646761822843444       0.48028779177279657     
  0.46046028553259283       0.74652652617463178       0.48028582236505768     
  0.46035473773554902       0.74659798870600436       0.48027591934697561     
  0.46083270246707170       0.74629997786312074       0.48028071310266141     
  0.46073988865002569       0.74635455672661943       0.48028494735955801     
  0.46063388733408184       0.74642764545953588       0.48027303894058609     
  0.44938709253898673       0.75339166127407897       0.48005441960473572     
  0.44950341906764385       0.75331240519458365       0.48006988702318076     
  0.44959621166069924       0.75324643891729270       0.48008650128780456     
  0.44920289764020266       0.75349869863482255       0.48005881713314513     
  0.44932742284845328       0.75340471138136011       0.48008979154397463     
  0.44941729098039679       0.75336462151188210       0.48006858428989074     
  0.44942679843683775       0.75334341003235661       0.48009296954614378     
  0.44955093982210032       0.75327725781079091       0.48008054050348842     
  0.44964266748941889       0.75322205220469873       0.48008125525325579     
  0.46064185111091271       0.74640907999159378       0.48029425388111213     
  0.46054730044984743       0.74646978525603025       0.48029058261449820     
  0.46044030060213592       0.74656440571573068       0.48024610118118893     
  0.46079956173676689       0.74631789106377422       0.48028467535548536     
  0.46070722971822148       0.74638593440094370       0.48026751442689941     
  0.46059477116409814       0.74644693923648564       0.48028056766933069     
  0.46059160583658160       0.74647067107090237       0.48024671770230304     
  0.46049884657433909       0.74650159843955322       0.48028759699881413     
  0.46039180823867665       0.74657929166884984       0.48026944953636203     
  0.44923782980856602       0.75346422686704084       0.48008023402400390     
  0.44935075076003295       0.75338467415708821       0.48009940172490634     
  0.44943825271306131       0.75332388734853284       0.48011288021498194     
  0.44935149550717685       0.75339607602369973       0.48008081206975489     
  0.44947245242651429       0.75330921892235070       0.48010387958887901     
  0.44957301354532131       0.75325822991561608       0.48008972552656376     
  0.44938338918025117       0.75336416454346367       0.48010103635651497     
  0.44950084336482760       0.75329869241622871       0.48009381564263931     
  0.44959658506379413       0.75323707087068192       0.48010084957759624     
  0.46080292185097999       0.74631378666873072       0.48028782937086789     
  0.46071355322670332       0.74637086786672979       0.48028486283984673     
  0.46061488760274238       0.74644742040878354       0.48026052709314515     
  0.46058449390875600       0.74645196381371859       0.48028261439433545     
  0.46049360256618455       0.74650946403292562       0.48028039945941053     
  0.46038540106951792       0.74658056331700018       0.48027361468159985     
  0.46055880393508469       0.74647833812618758       0.48026625826331937     
  0.46046321080217284       0.74652994043112852       0.48027771084826465     
  0.46036636746299026       0.74659924999844185       0.48026281098029577     
