  0.42772041694710750       0.42798164149428491       0.79617018248013405     
  0.42773970826451002       0.42797815652048643       0.79616169181587582     
  0.42773955211720444       0.42797597335886201       0.79616294926485243     
  0.42776512101235198       0.42798172903516274       0.79614611778075051     
  0.42778462073975859       0.42797576069517324       0.79613884876692742     
  0.42777665200961545       0.42798043005452430       0.79614062042191325     
  0.42773529578219094       0.42797248070210486       0.79616711342770752     
  0.42774406908513180       0.42797198647402601       0.79616266563810323     
  0.42774691707759110       0.42796767512019646       0.79616345305648784     
  0.42797404873740175       0.42777007873359796       0.79614758264254470     
  0.42795694896668746       0.42776148542326126       0.79616139156556009     
  0.42795399495691544       0.42777402283890514       0.79615624319893152     
  0.42796212662546462       0.42776850036703856       0.79615483937984366     
  0.42796161306126906       0.42777013818153758       0.79615423545073527     
  0.42795656884279309       0.42776848141987928       0.79615783704491294     
  0.42800807371504523       0.42778198885843088       0.79612289179690199     
  0.42800766824162284       0.42777350131664615       0.79612767035046972     
  0.42799595314410110       0.42777502510481957       0.79613314966081117     
  0.42773770148242318       0.42798656079052011       0.79615825217932390     
  0.42774942609748090       0.42798040070078752       0.79615526443607043     
  0.42772407623069530       0.42796855969809500       0.79617524862465827     
  0.42777912153975212       0.42798906674963599       0.79613465061976385     
  0.42778070480742453       0.42796966547098025       0.79614422941519858     
  0.42777132990570010       0.42798472237890500       0.79614117260757233     
  0.42773869272396270       0.42796450755197635       0.79616957428841106     
  0.42774738081600222       0.42797449666947829       0.79615953703108822     
  0.42774377582604967       0.42797224069573536       0.79616268653833933     
  0.42795415323426311       0.42775724808477666       0.79616517095417061     
  0.42795828526840402       0.42775600242547140       0.79616361915067901     
  0.42797461804390013       0.42777266562656330       0.79614588666457509     
  0.42795879811315402       0.42776596781400267       0.79615798928208614     
  0.42795873730285450       0.42777191676717718       0.79615482564101925     
  0.42795881539739722       0.42776198498596851       0.79616011990335245     
  0.42800236225964627       0.42778276166886325       0.79612554708357597     
  0.42799540646858247       0.42776619981907110       0.79613818545158554     
  0.42800022344331451       0.42777057735556451       0.79613324379864947     
  0.42774416297608930       0.42798820215338423       0.79615389834968386     
  0.42773264995785620       0.42797480806763549       0.79616728381634772     
  0.42774179237718607       0.42797318423546354       0.79616324496255808     
  0.42777844654438091       0.42798085522933116       0.79613942763139578     
  0.42777070328506783       0.42797040927028573       0.79614920347885976     
  0.42777999382795173       0.42798639439835856       0.79613561852893522     
  0.42774338529988043       0.42797281500277212       0.79616258763571723     
  0.42774240157200355       0.42798028471720956       0.79615910080259156     
  0.42774064901638442       0.42797551561231700       0.79616260601425737     
  0.42795463434345343       0.42776264445109835       0.79616201300750611     
  0.42797736585202412       0.42776653460150399       0.79614770375438682     
  0.42795213327429088       0.42777015705513921       0.79615932096472075     
  0.42795542089645799       0.42777246591596735       0.79615631325105263     
  0.42796533457379848       0.42777114253068133       0.79615169535782071     
  0.42795504291572145       0.42776730090677001       0.79615929154782838     
  0.42798982093014820       0.42778143244156236       0.79613300348523719     
  0.42800244709807911       0.42777161886044063       0.79613148874766526     
  0.42799423209435866       0.42777807309160304       0.79613243714597848     
  0.75145106050197363       0.45132414088208839       0.48127728341103310     
  0.75139037555825716       0.45140211868532337       0.48129889960898786     
  0.75133033587962084       0.45149102801987939       0.48130923324258879     
  0.75142820727122084       0.45134661764801753       0.48129188654583971     
  0.75137585579621480       0.45142733974272548       0.48129791217011492     
  0.75131721075691227       0.45151342328220156       0.48130871321475260     
  0.75158100694948149       0.45113166160246970       0.48125483259142243     
  0.75153084490298738       0.45121117655935244       0.48125862413813103     
  0.75145994933195637       0.45130971639991641       0.48127693112494047     
  0.74661112601468482       0.45900672184145030       0.48154403310128352     
  0.74667920464653670       0.45892122298083099       0.48151996474309744     
  0.74673010568235387       0.45884303691943590       0.48151554153336523     
  0.74665743656099126       0.45897939616713440       0.48149827239796172     
  0.74672243908815672       0.45889448800077859       0.48147839810809512     
  0.74676846222779647       0.45881608039749661       0.48148174232322677     
  0.74645041786255006       0.45927949705398191       0.48153309051265208     
  0.74652219661845198       0.45917719600084922       0.48151937928681443     
  0.74657018335424707       0.45910068556274092       0.48151793511999874     
  0.75141974049101168       0.45134840705986640       0.48130342721088315     
  0.75137352680284020       0.45143010548113455       0.48129895396224731     
  0.75132757426005270       0.45151636405250373       0.48128977669311857     
  0.75155182374908314       0.45113478534825779       0.48129747731336436     
  0.75150138616333262       0.45121708369406860       0.48129908578472230     
  0.75143849906190885       0.45131487293470418       0.48130558649938521     
  0.75142792557386773       0.45138232091936797       0.48125884202703101     
  0.75137676842427048       0.45145949870053476       0.48126632222228272     
  0.75132123621920266       0.45155090761147726       0.48126726238266004     
  0.74658720070793494       0.45905617564119644       0.48153398565913158     
  0.74665231414993483       0.45896514880861655       0.48151979601427758     
  0.74669065995914718       0.45888466598165523       0.48153704079403697     
  0.74648113446701858       0.45927448652018454       0.48149025111257837     
  0.74655085443304847       0.45917242196709052       0.48147949971952220     
  0.74659172900851289       0.45909366213212766       0.48149122480704781     
  0.74661478334305675       0.45901657924711686       0.48152896617947649     
  0.74667961706426988       0.45892784931172459       0.48151300977945577     
  0.74672607698222848       0.45884673389481662       0.48151826626701322     
  0.75154538470915155       0.45114067569636651       0.48130201064882228     
  0.75151034933721261       0.45121866786056825       0.48128360517806451     
  0.75143087344818893       0.45131682413188184       0.48131566220558808     
  0.75144055996432735       0.45131692434483583       0.48130044529422167     
  0.75139723891405985       0.45139839393170950       0.48129167799599493     
  0.75133620001003132       0.45148509333604786       0.48130564618527644     
  0.75144996434328559       0.45133983111416159       0.48126428076298683     
  0.75140729671201567       0.45142247566037452       0.48125338743389579     
  0.75134893224090726       0.45150382519376148       0.48126819742826321     
  0.74645593702915658       0.45927431076397418       0.48152948149225533     
  0.74651582615952694       0.45917259890369599       0.48153363922926978     
  0.74657191331599382       0.45909525233206994       0.48152043314261284     
  0.74664328039541483       0.45901043791909457       0.48149063305706702     
  0.74669674504597361       0.45892181569845397       0.48149219932807052     
  0.74675504276109572       0.45884161340138258       0.48147822372573640     
  0.74663663695926341       0.45898943407055731       0.48152095672125300     
  0.74669305794311280       0.45890053831243333       0.48151819607998431     
  0.74674380362828052       0.45882166773084382       0.48151466121339975     
  0.45126721838498318       0.75149134756959057       0.48126775514168907     
  0.45135363236596165       0.75143258966785831       0.48127846589589751     
  0.45143508065980908       0.75138240620965324       0.48128042510397540     
  0.45129265961706355       0.75147296791391627       0.48127259829581748     
  0.45137983363277512       0.75141416582025544       0.48128265831452732     
  0.45145973229184078       0.75136719472055546       0.48128104971704672     
  0.45106260189913233       0.75160788343035689       0.48127759010089372     
  0.45116542737023518       0.75154149225021005       0.48128488712212897     
  0.45124178794920633       0.75149416427106508       0.48128720102963135     
  0.45895172139414875       0.74667809728542667       0.48149261309345409     
  0.45887532915548446       0.74672289114669410       0.48149595650427662     
  0.45878709282693469       0.74678988469960572       0.48147613810630241     
  0.45892594662214364       0.74669353271893069       0.48149324368332774     
  0.45884677782342770       0.74674564891267825       0.48148787140595845     
  0.45876106483992868       0.74680209640005069       0.48148199779371209     
  0.45921269816637822       0.74652403843302173       0.48148266623462882     
  0.45913081552449153       0.74657057049781150       0.48148860578666625     
  0.45903239853218292       0.74663742578987347       0.48147877576032616     
  0.45128904779218509       0.75148086748014542       0.48126365035613383     
  0.45137842738350814       0.75142114873324117       0.48127307480182940     
  0.45146019317465214       0.75136345125199844       0.48128646158124100     
  0.45106558284609194       0.75161368776853632       0.48126573151502960     
  0.45116929233205638       0.75153458925478256       0.48129204316115248     
  0.45124813003030445       0.75149756337551976       0.48127594723278072     
  0.45132602183795556       0.75144461471486512       0.48128558364857882     
  0.45141331106263299       0.75139390281929852       0.48128289539672314     
  0.45149205731465619       0.75134575644268364       0.48128419510446302     
  0.45899625376320513       0.74664428056557708       0.48150260365864606     
  0.45891493944240463       0.74669423540424007       0.48150264502975637     
  0.45883114525515112       0.74676160618160203       0.48147801993125344     
  0.45920521672953468       0.74651821432805343       0.48149883136393556     
  0.45912662130199955       0.74657223833609521       0.48149001916721279     
  0.45902809950564155       0.74663189550081355       0.48149145006438171     
  0.45896022295493766       0.74667967200195828       0.48148206733397847     
  0.45888190808859941       0.74671779540522454       0.48149758925058744     
  0.45879307679122611       0.74678156184893962       0.48148334506075968     
  0.45107131694961206       0.75161363141033521       0.48126044518899691     
  0.45117292471747655       0.75154039776973935       0.48127956794567978     
  0.45125186509170934       0.75149033183499891       0.48128373690555665     
  0.45125974561311738       0.75149587674978513       0.48126768977073081     
  0.45134983983286481       0.75143149763534012       0.48128372759148746     
  0.45143349648059017       0.75138934250705081       0.48127108184694722     
  0.45128057928799059       0.75147625068012880       0.48127880009536256     
  0.45137092717164184       0.75142341988136963       0.48127656306743133     
  0.45145219957115174       0.75137032769930745       0.48128322446913152     
  0.45920504033570658       0.74651945122965169       0.48149708188737961     
  0.45912716069904608       0.74656977325174900       0.48149332703087827     
  0.45902876158967093       0.74663932916856790       0.48147929152993046     
  0.45895262379309704       0.74667889163964352       0.48149052108346380     
  0.45887559921984616       0.74672592645305602       0.48149099181963151     
  0.45879004393746126       0.74678110647828344       0.48148694124652353     
  0.45893298868500793       0.74669529248643041       0.48148380250559886     
  0.45885238688407637       0.74673970207838292       0.48149174903696323     
  0.45877045088148743       0.74679996943657012       0.48147635357048935     
