           0           0           0  -8.7283051111427337E-013
           1           0           0  -3.1733915638272342E-013
           2           0           0  -1.5300786174879626E-014
           3           0           0  -8.8037336383598915E-017
           4           0           0   9.8961593340602138E-017
           5           0           0  -1.1211353701721386E-016
           6           0           0  -1.5234038917379774E-014
           7           0           0  -3.1745663137026291E-013
           0           1           0  -3.1747805660966318E-013
           1           1           0  -9.6098986958015845E-002
           2           1           0  -2.1969312975834470E-002
           3           1           0  -3.4990226525456478E-003
           4           1           0   7.8224788351394549E-003
           5           1           0   3.4647801668929945E-002
           6           1           0  0.19289951910552444     
           7           1           0   1.5002779649957914     
           0           2           0  -1.5061617523879302E-014
           1           2           0  -2.1969312975834442E-002
           2           2           0  -7.1793094187687567E-003
           3           2           0   6.4905192917993982E-003
           4           2           0   2.5202141065666209E-002
           5           2           0   7.1663368708723751E-002
           6           2           0  0.18906192877690506     
           7           2           0  0.19289942295510709     
           0           3           0  -3.3437432875325604E-017
           1           3           0  -3.4990226525454023E-003
           2           3           0   6.4905192917994155E-003
           3           3           0   2.0207154537107117E-002
           4           3           0   3.7240033800888500E-002
           5           3           0   6.1068969059355868E-002
           6           3           0   7.1663348994004367E-002
           7           3           0   3.4647779509793621E-002
           0           4           0  -8.9227952524674949E-018
           1           4           0   7.8224788351395590E-003
           2           4           0   2.5202141065666241E-002
           3           4           0   3.7240033800888556E-002
           4           4           0   3.9942112802970824E-002
           5           4           0   3.7240027820084176E-002
           6           4           0   2.5202131378132528E-002
           7           4           0   7.8224724690943940E-003
           0           5           0  -5.7656753195924649E-017
           1           5           0   3.4647801668930139E-002
           2           5           0   7.1663368708723668E-002
           3           5           0   6.1068969059355958E-002
           4           5           0   3.7240027820084162E-002
           5           5           0   2.0207147966973621E-002
           6           5           0   6.4905133161226539E-003
           7           5           0  -3.4990265292957437E-003
           0           6           0  -1.5177749182099894E-014
           1           6           0  0.19289951910552436     
           2           6           0  0.18906192877690539     
           3           6           0   7.1663348994004311E-002
           4           6           0   2.5202131378132538E-002
           5           6           0   6.4905133161225663E-003
           6           6           0  -7.1793157612523653E-003
           7           6           0  -2.1969322617507517E-002
           0           7           0  -3.1737395279256639E-013
           1           7           0   1.5002779649957914     
           2           7           0  0.19289942295510693     
           3           7           0   3.4647779509793648E-002
           4           7           0   7.8224724690942830E-003
           5           7           0  -3.4990265292958252E-003
           6           7           0  -2.1969322617507597E-002
           7           7           0  -9.6099026827615827E-002
           0           0           1  -1.5002779721499988     
           1           0           1 -0.19289946068331565     
           2           0           1  -3.4647790274866336E-002
           3           0           1  -7.8224757461148788E-003
           4           0           1   3.4990252182993801E-003
           5           0           1   2.1969319933598273E-002
           6           0           1   9.6099006892737843E-002
           7           0           1  -9.4043792436999919E-008
           0           1           1 -0.19289946068331587     
           1           1           1  -6.7988775743058130E-002
           2           1           1  -1.9858702156108476E-002
           3           1           1   1.8470108160502770E-009
           4           1           1   1.9858708179175601E-002
           5           1           1   6.7988793342334278E-002
           6           1           1  0.19289947457938428     
           7           1           1  -7.9203690749855993E-008
           0           2           1  -3.4647790274866468E-002
           1           2           1  -1.9858702156108521E-002
           2           2           1  -2.8341878824280266E-003
           3           2           1   1.3235221221924187E-002
           4           2           1   3.5431178651168571E-002
           5           2           1   7.1663360518529701E-002
           6           2           1   8.1646180330273516E-002
           7           2           1  -1.7849792816517015E-008
           0           3           1  -7.8224757461149066E-003
           1           3           1   1.8470108147408472E-009
           2           3           1   1.3235221221924203E-002
           3           3           1   2.5959695956702538E-002
           4           3           1   3.7240031535983431E-002
           5           3           1   4.2294116148459356E-002
           6           3           1   2.5963291543474317E-002
           7           3           1  -4.2041545381277029E-009
           0           4           1   3.4990252182992517E-003
           1           4           1   1.9858708179175587E-002
           2           4           1   3.5431178651168509E-002
           3           4           1   3.7240031535983494E-002
           4           4           1   3.1280734726777608E-002
           5           4           1   2.1657541233480012E-002
           6           4           1   8.7359042966928275E-003
           7           4           1  -7.8292809725888901E-010
           0           5           1   2.1969319933598221E-002
           1           5           1   6.7988793342334569E-002
           2           5           1   7.1663360518529756E-002
           3           5           1   4.2294116148459369E-002
           4           5           1   2.1657541233480012E-002
           5           5           1   9.3184012980437620E-003
           6           5           1   9.0962839995217663E-004
           7           5           1   1.5190423147142935E-009
           0           6           1   9.6099006892737884E-002
           1           6           1  0.19289947457938400     
           2           6           1   8.1646180330273793E-002
           3           6           1   2.5963291543474293E-002
           4           6           1   8.7359042966928691E-003
           5           6           1   9.0962839995228570E-004
           6           6           1  -4.8465292561503245E-003
           7           6           1   5.7499130441704097E-009
           0           7           1  -9.4043792490057415E-008
           1           7           1  -7.9203690771590422E-008
           2           7           1  -1.7849792774988921E-008
           3           7           1  -4.2041544872362462E-009
           4           7           1  -7.8292812339982906E-010
           5           7           1   1.5190422810497892E-009
           6           7           1   5.7499130246006920E-009
           7           7           1  -6.2935171610793213E-014
           0           0           2 -0.18906190297050787     
           1           0           2  -7.1663351898555022E-002
           2           0           2  -2.5202135165749581E-002
           3           0           2  -6.4905161223755697E-003
           4           0           2   7.1793125900091147E-003
           5           0           2   2.1969315659733115E-002
           6           0           2  -1.9948464000621921E-008
           7           0           2 -0.19289949841119181     
           0           1           2  -7.1663351898554772E-002
           1           1           2  -3.5431172239075208E-002
           2           1           2  -1.3235217321865373E-002
           3           1           2   2.8341913968425820E-003
           4           1           2   1.9858706243022852E-002
           5           1           2   3.4647791034324651E-002
           6           1           2  -1.7849796309005741E-008
           7           1           2  -8.1646199170496495E-002
           0           2           2  -2.5202135165749543E-002
           1           2           2  -1.3235217321865469E-002
           2           2           2   1.4759992904090619E-009
           3           2           2   1.3235220243354795E-002
           4           2           2   2.5202137249761863E-002
           5           2           2   2.5963294943390617E-002
           6           2           2  -7.7084072646456416E-009
           7           2           2  -2.5963300198767254E-002
           0           3           2  -6.4905161223755446E-003
           1           3           2   2.8341913968425417E-003
           2           3           2   1.3235220243354764E-002
           3           3           2   2.0207152273685563E-002
           4           3           2   2.1657543343248532E-002
           5           3           2   1.4226094638862392E-002
           6           3           2  -3.0169229823024122E-009
           7           3           2  -8.7359077624537297E-003
           0           4           2   7.1793125900091312E-003
           1           4           2   1.9858706243022856E-002
           2           4           2   2.5202137249761853E-002
           3           4           2   2.1657543343248518E-002
           4           4           2   1.4934842553977076E-002
           5           4           2   6.8603171400078329E-003
           6           4           2  -1.0383244257583602E-009
           7           4           2  -9.0962898061287801E-004
           0           5           2   2.1969315659733105E-002
           1           5           2   3.4647791034324533E-002
           2           5           2   2.5963294943390638E-002
           3           5           2   1.4226094638862369E-002
           4           5           2   6.8603171400078485E-003
           5           5           2   2.0647576015516765E-003
           6           5           2   6.3653846425529190E-011
           7           5           2   4.8465306638747390E-003
           0           6           2  -1.9948463964304033E-008
           1           6           2  -1.7849796391560216E-008
           2           6           2  -7.7084072730134470E-009
           3           6           2  -3.0169229997269866E-009
           4           6           2  -1.0383244537642429E-009
           5           6           2   6.3653844514316856E-011
           6           6           2  -3.4620139551675530E-016
           7           6           2  -5.7499167688360665E-009
           0           7           2 -0.19289949841119219     
           1           7           2  -8.1646199170496606E-002
           2           7           2  -2.5963300198767459E-002
           3           7           2  -8.7359077624536603E-003
           4           7           2  -9.0962898061304909E-004
           5           7           2   4.8465306638747329E-003
           6           7           2  -5.7499168014671133E-009
           7           7           2  -9.6099050336958355E-002
           0           0           3  -6.1068963588246303E-002
           1           0           3  -3.7240029268734910E-002
           2           0           3  -2.0207151252053912E-002
           3           0           3  -6.4905164855476776E-003
           4           0           3   3.4990239635354866E-003
           5           0           3  -3.7351563290791335E-009
           6           0           3  -3.4647801039934582E-002
           7           0           3  -7.1663354802804863E-002
           0           1           3  -3.7240029268734910E-002
           1           1           3  -2.5959693306207180E-002
           2           1           3  -1.3235218209618186E-002
           3           1           3   8.0353550107392591E-010
           4           1           3   7.8224761850008758E-003
           5           1           3  -4.2041556112200391E-009
           6           1           3  -2.5963303598684720E-002
           7           1           3  -4.2294117725316008E-002
           0           2           3  -2.0207151252053922E-002
           1           2           3  -1.3235218209618194E-002
           2           2           3  -2.8341889774595266E-003
           3           2           3   6.4905176228355742E-003
           4           2           3   8.7359064064624903E-003
           5           2           3  -3.0169232558131062E-009
           6           2           3  -1.4226100140321564E-002
           7           2           3  -2.1657544402409173E-002
           0           3           3  -6.4905164855476906E-003
           1           3           3   8.0353545514817598E-010
           2           3           3   6.4905176228355656E-003
           3           3           3   9.3184036432928143E-003
           4           3           3   6.8603178263714490E-003
           5           3           3  -1.7373252596603022E-009
           6           3           3  -6.8603200990803520E-003
           7           3           3  -9.3184035149056765E-003
           0           4           3   3.4990239635354831E-003
           1           4           3   7.8224761850008550E-003
           2           4           3   8.7359064064624833E-003
           3           4           3   6.8603178263714499E-003
           4           4           3   3.5748536530322860E-003
           5           4           3  -7.0283212595971459E-010
           6           4           3  -2.0647585846420803E-003
           7           4           3  -9.0962915999984585E-004
           0           5           3  -3.7351563125317882E-009
           1           5           3  -4.2041556359222470E-009
           2           5           3  -3.0169232495360424E-009
           3           5           3  -1.7373252564077196E-009
           4           5           3  -7.0283213088823545E-010
           5           5           3   2.1465319290748043E-017
           6           5           3  -6.3653862475195643E-011
           7           5           3  -1.5190420786966625E-009
           0           6           3  -3.4647801039934652E-002
           1           6           3  -2.5963303598684720E-002
           2           6           3  -1.4226100140321541E-002
           3           6           3  -6.8603200990803746E-003
           4           6           3  -2.0647585846420950E-003
           5           6           3  -6.3653840991262797E-011
           6           6           3  -4.8465320715997138E-003
           7           6           3  -2.1969326383204243E-002
           0           7           3  -7.1663354802804960E-002
           1           7           3  -4.2294117725316063E-002
           2           7           3  -2.1657544402409190E-002
           3           7           3  -9.3184035149056956E-003
           4           7           3  -9.0962915999984358E-004
           5           7           3  -1.5190420750580174E-009
           6           7           3  -2.1969326383204264E-002
           7           7           3  -6.7988791675309593E-002
           0           0           4  -3.9942112803794456E-002
           1           0           4  -3.7240032352826920E-002
           2           0           4  -2.5202137278077370E-002
           3           0           4  -7.8224755581263235E-003
           4           0           4  -1.0612039341189702E-016
           5           0           4  -7.8224790231439106E-003
           6           0           4  -2.5202138953354214E-002
           7           0           4  -3.7240030717090644E-002
           0           1           4  -3.7240032352826850E-002
           1           1           4  -3.5431176654048414E-002
           2           1           4  -1.9858703856774924E-002
           3           1           4  -3.4990228133900004E-003
           4           1           4  -7.8292873178933914E-010
           5           1           4  -8.7359098722241645E-003
           6           1           4  -2.1657546512177987E-002
           7           1           4  -3.1280738122842794E-002
           0           2           4  -2.5202137278077370E-002
           1           2           4  -1.9858703856774941E-002
           2           2           4  -7.1793098896211988E-003
           3           2           4   9.0963050972199175E-004
           4           2           4  -1.0383247015504388E-009
           5           2           4  -6.8603207854442483E-003
           6           2           4  -1.4934845913984708E-002
           7           2           4  -2.1657545906923086E-002
           0           3           4  -7.8224755581263270E-003
           1           3           4  -3.4990228133900320E-003
           2           3           4   9.0963050972199793E-004
           3           3           4   2.0647582879151465E-003
           4           3           4  -7.0283218988853439E-010
           5           3           4  -3.5748552878828730E-003
           6           3           4  -6.8603190459593389E-003
           7           3           4  -8.7359067533984425E-003
           0           4           4  -9.0795995958849704E-017
           1           4           4  -7.8292878419004281E-010
           2           4           4  -1.0383246865638582E-009
           3           4           4  -7.0283218056865527E-010
           4           4           4   1.7973513361081836E-016
           5           4           4   7.0283242355475509E-010
           6           4           4   1.0383247492328180E-009
           7           4           4   7.8292853152706916E-010
           0           5           4  -7.8224790231438777E-003
           1           5           4  -8.7359098722241558E-003
           2           5           4  -6.8603207854442700E-003
           3           5           4  -3.5748552878828803E-003
           4           5           4   7.0283241920557550E-010
           5           5           4   2.0647595677328865E-003
           6           5           4   9.0962974066078413E-004
           7           5           4  -3.4990262075874669E-003
           0           6           4  -2.5202138953354217E-002
           1           6           4  -2.1657546512177991E-002
           2           6           4  -1.4934845913984710E-002
           3           6           4  -6.8603190459593033E-003
           4           6           4   1.0383247339428248E-009
           5           6           4   9.0962974066076938E-004
           6           6           4  -7.1793148195404112E-003
           7           6           4  -1.9858708864759669E-002
           0           7           4  -3.7240030717090623E-002
           1           7           4  -3.1280738122842787E-002
           2           7           4  -2.1657545906923086E-002
           3           7           4  -8.7359067533984234E-003
           4           7           4   7.8292855036331722E-010
           5           7           4  -3.4990262075874851E-003
           6           7           4  -1.9858708864759652E-002
           7           7           4  -3.5431176233418411E-002
           0           0           5  -6.1068974532128242E-002
           1           0           5  -7.1663365804773949E-002
           2           0           5  -3.4647790903891099E-002
           3           0           5   3.7351558207321497E-009
           4           0           5   3.4990239072956756E-003
           5           0           5  -6.4905189286298950E-003
           6           0           5  -2.0207154537120804E-002
           7           0           5  -3.7240036885275843E-002
           0           1           5  -7.1663365804774087E-002
           1           1           5  -6.7988785376258645E-002
           2           1           5  -2.1969311092975240E-002
           3           1           5   1.5190411888333828E-009
           4           1           5  -9.0963109038342139E-004
           5           1           5  -9.3184058601551972E-003
           6           1           5  -2.1657548016692313E-002
           7           1           5  -4.2294128185525880E-002
           0           2           5  -3.4647790903891099E-002
           1           2           5  -2.1969311092975227E-002
           2           2           5  -4.8465258562323931E-003
           3           2           5   6.3653578848588634E-011
           4           2           5  -2.0647592710058217E-003
           5           2           5  -6.8603197323230730E-003
           6           2           5  -1.4226098812134345E-002
           7           2           5  -2.5963300839224546E-002
           0           3           5   3.7351558009685194E-009
           1           3           5   1.5190412096782499E-009
           2           3           5   6.3653568094380325E-011
           3           3           5   1.4714193204243255E-016
           4           3           5   7.0283250853200821E-010
           5           3           5   1.7373258211252761E-009
           6           3           5   3.0169237060206555E-009
           7           3           5   4.2041554488091841E-009
           0           4           5   3.4990239072956687E-003
           1           4           5  -9.0963109038340263E-004
           2           4           5  -2.0647592710058395E-003
           3           4           5   7.0283251481871476E-010
           4           4           5   3.5748569227341430E-003
           5           4           5   6.8603220050322882E-003
           6           4           5   8.7359102191594783E-003
           7           4           5   7.8224777693938416E-003
           0           5           5  -6.4905189286298924E-003
           1           5           5  -9.3184058601551781E-003
           2           5           5  -6.8603197323230626E-003
           3           5           5   1.7373258255928221E-009
           4           5           5   6.8603220050322952E-003
           5           5           5   9.3184057317673378E-003
           6           5           5   6.4905166540531987E-003
           7           5           5  -2.4106069442019082E-009
           0           6           5  -2.0207154537120808E-002
           1           6           5  -2.1657548016692261E-002
           2           6           5  -1.4226098812134351E-002
           3           6           5   3.0169236933110229E-009
           4           6           5   8.7359102191594696E-003
           5           6           5   6.4905166540532048E-003
           6           6           5  -2.8341927211940278E-003
           7           6           5  -1.3235222367910785E-002
           0           7           5  -3.7240036885275871E-002
           1           7           5  -4.2294128185525776E-002
           2           7           5  -2.5963300839224514E-002
           3           7           5   4.2041554525234335E-009
           4           7           5   7.8224777693938260E-003
           5           7           5  -2.4106069453162239E-009
           6           7           5  -1.3235222367910780E-002
           7           7           5  -2.5959698607300734E-002
           0           0           6 -0.18906195458501490     
           1           0           6 -0.19289948137797081     
           2           0           6   1.9948436093194679E-008
           3           0           6   2.1969317249685663E-002
           4           0           6   7.1793094187674374E-003
           5           0           6  -6.4905196549704990E-003
           6           0           6  -2.5202143178007209E-002
           7           0           6  -7.1663382615245630E-002
           0           1           6 -0.19289948137797103     
           1           1           6  -9.6098975203321169E-002
           2           1           6   5.7499117483306488E-009
           3           1           6   4.8465272639584191E-003
           4           1           6  -9.0963126976733363E-004
           5           1           6  -8.7359088631657721E-003
           6           1           6  -2.5963304239139801E-002
           7           1           6  -8.1646219671952375E-002
           0           2           6   1.9948436076166550E-008
           1           2           6   5.7499117031719376E-009
           2           2           6  -3.3495787661030005E-016
           3           2           6  -6.3653603444401531E-011
           4           2           6   1.0383250505045985E-009
           5           2           6   3.0169239910976821E-009
           6           2           6   7.7084027063605437E-009
           7           2           6   1.7849759731139097E-008
           0           3           6   2.1969317249685667E-002
           1           3           6   4.8465272639584200E-003
           2           3           6  -6.3653612569036477E-011
           3           3           6   2.0647602540969554E-003
           4           3           6   6.8603226913963649E-003
           5           3           6   1.4226104313586903E-002
           6           3           6   2.5963309494478923E-002
           7           3           6   3.4647800779024449E-002
           0           4           6   7.1793094187674097E-003
           1           4           6  -9.0963126976723518E-004
           2           4           6   1.0383250669944000E-009
           3           4           6   6.8603226913963112E-003
           4           4           6   1.4934849273984934E-002
           5           4           6   2.1657549075811834E-002
           6           4           6   2.5202139009943537E-002
           7           4           6   1.9858701706010343E-002
           0           5           6  -6.4905196549704695E-003
           1           5           6  -8.7359088631658102E-003
           2           5           6   3.0169239991068575E-009
           3           5           6   1.4226104313586929E-002
           4           5           6   2.1657549075811782E-002
           5           5           6   2.0207152493816240E-002
           6           5           6   1.3235216266695446E-002
           7           5           6   2.8341854630443367E-003
           0           6           6  -2.5202143178007119E-002
           1           6           6  -2.5963304239139548E-002
           2           6           6   7.7084026914617421E-009
           3           6           6   2.5963309494478934E-002
           4           6           6   2.5202139009943537E-002
           5           6           6   1.3235216266695491E-002
           6           6           6  -4.4279983652514952E-009
           7           6           6  -1.3235225031169239E-002
           0           7           6  -7.1663382615245450E-002
           1           7           6  -8.1646219671952361E-002
           2           7           6   1.7849759763764629E-008
           3           7           6   3.4647800779024428E-002
           4           7           6   1.9858701706010336E-002
           5           7           6   2.8341854630443862E-003
           6           7           6  -1.3235225031169161E-002
           7           7           6  -3.5431189478342298E-002
           0           0           7  -1.5002779578437950     
           1           0           7   9.4043164628893498E-008
           2           0           7   9.6098986957933341E-002
           3           0           7   2.1969308701972529E-002
           4           0           7   3.4990213977887726E-003
           5           0           7  -7.8224786471428418E-003
           6           0           7  -3.4647802297960356E-002
           7           0           7 -0.19289953980050906     
           0           1           7   9.4043164581038942E-008
           1           1           7  -6.2867118295473244E-014
           2           1           7  -5.7499154630352023E-009
           3           1           7  -1.5190411989095294E-009
           4           1           7   7.8292908282083151E-010
           5           1           7   4.2041565835184249E-009
           6           1           7   1.7849763557207745E-008
           7           1           7   7.9203278053714277E-008
           0           2           7   9.6098986957933702E-002
           1           2           7  -5.7499155405602940E-009
           2           2           7  -4.8465286716849265E-003
           3           2           7   9.0963185042897392E-004
           4           2           7   8.7359123289276770E-003
           5           2           7   2.5963312894395116E-002
           6           2           7   8.1646238511731126E-002
           7           2           7  0.19289951200737585     
           0           3           7   2.1969308701972431E-002
           1           3           7  -1.5190411553525417E-009
           2           3           7   9.0963185042890378E-004
           3           3           7   9.3184080770172678E-003
           4           3           7   2.1657551185581214E-002
           5           3           7   4.2294129761946984E-002
           6           3           7   7.1663365374390886E-002
           7           3           7   6.7988767776872780E-002
           0           4           7   3.4990213977886477E-003
           1           4           7   7.8292907484120750E-010
           2           4           7   8.7359123289276579E-003
           3           4           7   2.1657551185581211E-002
           4           4           7   3.1280741518476825E-002
           5           4           7   3.7240032349892649E-002
           6           4           7   3.5431170241849469E-002
           7           4           7   1.9858695897552302E-002
           0           5           7  -7.8224786471428921E-003
           1           5           7   4.2041565433553882E-009
           2           5           7   2.5963312894395150E-002
           3           5           7   4.2294129761946950E-002
           4           5           7   3.7240032349892732E-002
           5           5           7   2.5959690655608689E-002
           6           5           7   1.3235213330987218E-002
           7           5           7  -5.5410323426690897E-009
           0           6           7  -3.4647802297960682E-002
           1           6           7   1.7849763502710770E-008
           2           6           7   8.1646238511731167E-002
           3           6           7   7.1663365374390942E-002
           4           6           7   3.5431170241849511E-002
           5           6           7   1.3235213330987228E-002
           6           6           7  -2.8341960062892193E-003
           7           6           7  -1.9858713966759794E-002
           0           7           7 -0.19289953980050906     
           1           7           7   7.9203278050119364E-008
           2           7           7  0.19289951200737582     
           3           7           7   6.7988767776872475E-002
           4           7           7   1.9858695897552278E-002
           5           7           7  -5.5410323892686015E-009
           6           7           7  -1.9858713966759742E-002
           7           7           7  -6.7988820574928527E-002
