           0           0           0   5.3368920565362031E-016
           1           0           0  0.98822863658616866     
           2           0           0  0.11314173497749257     
           3           0           0   2.6856461371261499E-002
           4           0           0   1.2371444287229421E-002
           5           0           0   2.6856468841573222E-002
           6           0           0  0.11314177487439254     
           7           0           0  0.98822882467312789     
           0           1           0 -0.51146934208767392     
           1           1           0   8.4291357271554040E-002
           2           1           0   3.0557885364086206E-002
           3           1           0   9.7148157590400044E-003
           4           1           0   9.7148177250642939E-003
           5           1           0   3.0557893445253857E-002
           6           1           0   8.4291375064967380E-002
           7           1           0 -0.51146933493390800     
           0           2           0  -7.3925879607167802E-002
           1           2           0  -5.0430538757904346E-003
           2           2           0  -1.4553705473681891E-003
           3           2           0  -3.3835298466140308E-003
           4           2           0  -1.4553699309933904E-003
           5           2           0  -5.0430579290020334E-003
           6           2           0  -7.3925905413544810E-002
           7           2           0 -0.20329273979287804     
           0           3           0  -3.0783242646750839E-002
           1           3           0  -1.6852146818039385E-002
           2           3           0  -1.5663248494992218E-002
           3           3           0  -1.5663248379336643E-002
           4           3           0  -1.6852147935139141E-002
           5           3           0  -3.0783248117831480E-002
           6           3           0  -6.0224860829453178E-002
           7           3           0  -6.0224849996959921E-002
           0           4           0  -2.3540734104610075E-002
           1           4           0  -2.7572696545787242E-002
           2           4           0  -3.1799287493095407E-002
           3           4           0  -2.7572695102067047E-002
           4           4           0  -2.3540734103757146E-002
           5           4           0  -2.7572694304975019E-002
           6           4           0  -3.1799282825557260E-002
           7           4           0  -2.7572691418425534E-002
           0           5           0  -3.0783246373083696E-002
           1           5           0  -6.0224868449166857E-002
           2           5           0  -6.0224863032486822E-002
           3           5           0  -3.0783240900283032E-002
           4           5           0  -1.6852143982364374E-002
           5           5           0  -1.5663245694303822E-002
           6           5           0  -1.5663245463030849E-002
           7           5           0  -1.6852146217458463E-002
           0           6           0  -7.3925891677000408E-002
           1           6           0 -0.20329276298152735     
           2           6           0  -7.3925865868871746E-002
           3           6           0  -5.0430446053478569E-003
           4           6           0  -1.4553671123066652E-003
           5           6           0  -3.3835271615805605E-003
           6           6           0  -1.4553658795946720E-003
           7           6           0  -5.0430527126834861E-003
           0           7           0 -0.51146913994004728     
           1           7           0 -0.51146914709248559     
           2           7           0   8.4291394754216264E-002
           3           7           0   3.0557889165453586E-002
           4           7           0   9.7148171509751496E-003
           5           7           0   9.7148210830243567E-003
           6           7           0   3.0557905327752589E-002
           7           7           0   8.4291430340076079E-002
           0           0           1 -0.51146934208767392     
           1           0           1   8.4291357271554179E-002
           2           0           1   3.0557885364086251E-002
           3           0           1   9.7148157590399575E-003
           4           0           1   9.7148177250642731E-003
           5           0           1   3.0557893445253968E-002
           6           0           1   8.4291375064967450E-002
           7           0           1 -0.51146933493390800     
           0           1           1 -0.20329273979317083     
           1           1           1  -1.1570007979408551E-002
           2           1           1   9.4809773888516395E-004
           3           1           1  -4.0040316314874183E-004
           4           1           1   9.4809797437408658E-004
           5           1           1  -1.1570017612503003E-002
           6           1           1 -0.20329280501338470     
           7           1           1 -0.71757962091239991     
           0           2           1  -6.0224855413363289E-002
           1           2           1  -1.7829060829628395E-002
           2           2           1  -9.7161516295009021E-003
           3           2           1  -9.7161521316069463E-003
           4           2           1  -1.7829064855470173E-002
           5           2           1  -6.0224872093070668E-002
           6           2           1 -0.16113663730968747     
           7           2           1 -0.16113659796844393     
           0           3           1  -2.7572692861848328E-002
           1           3           1  -1.7154810378602559E-002
           2           3           1  -1.5277721685235191E-002
           3           3           1  -1.7154811422024956E-002
           4           3           1  -2.7572696767124785E-002
           5           3           1  -5.1607012882006080E-002
           6           3           1  -6.8368682451030366E-002
           7           3           1  -5.1607000845361468E-002
           0           4           1  -1.6852145100059938E-002
           1           4           1  -1.7829060946875756E-002
           2           4           1  -1.7829060557746471E-002
           3           4           1  -1.6852145397972230E-002
           4           4           1  -2.1655566177570962E-002
           5           4           1  -2.8960167593769008E-002
           6           4           1  -2.8960165377066912E-002
           7           4           1  -2.1655562781923352E-002
           0           5           1  -5.0430486591674858E-003
           1           5           1  -1.1570002720497193E-002
           2           5           1  -5.0430469963576897E-003
           3           5           1  -3.1832066509555729E-003
           4           5           1  -8.5600363738484540E-003
           5           5           1  -1.1570005756556881E-002
           6           5           1  -8.5600339650020955E-003
           7           5           1  -3.1832050745207751E-003
           0           6           1   8.4291412547016900E-002
           1           6           1   8.4291406508857414E-002
           2           6           1   4.9595190910421583E-002
           3           6           1   1.6829332508341732E-002
           4           6           1   2.8101838447749054E-003
           5           6           1   2.8101867298750559E-003
           6           6           1   1.6829342571326178E-002
           7           6           1   4.9595209750224044E-002
           0           7           1  0.98822873062962424     
           1           7           1  0.34143479569203555     
           2           7           1   7.6831411837892813E-002
           3           7           1   2.0080192575952852E-002
           4           7           1   8.6011100007358753E-003
           5           7           1   2.0080204022347472E-002
           6           7           1   7.6831459037278255E-002
           7           7           1  0.34143495409900515     
           0           0           2  -7.3925879607167858E-002
           1           0           2  -5.0430538757904545E-003
           2           0           2  -1.4553705473681474E-003
           3           0           2  -3.3835298466139765E-003
           4           0           2  -1.4553699309934000E-003
           5           0           2  -5.0430579290020039E-003
           6           0           2  -7.3925905413544782E-002
           7           0           2 -0.20329273979287840     
           0           1           2  -6.0224855413363393E-002
           1           1           2  -1.7829060829628377E-002
           2           1           2  -9.7161516295008309E-003
           3           1           2  -9.7161521316070348E-003
           4           1           2  -1.7829064855470356E-002
           5           1           2  -6.0224872093070723E-002
           6           1           2 -0.16113663730968711     
           7           1           2 -0.16113659796844393     
           0           2           2  -3.1799282825569652E-002
           1           2           2  -1.5277720661258723E-002
           2           2           2  -1.1570007973418799E-002
           3           2           2  -1.5277722527578405E-002
           4           2           2  -3.1799288753776758E-002
           5           2           2  -6.8368691746743565E-002
           6           2           2  -9.4660686373737105E-002
           7           2           2  -6.8368673155319831E-002
           0           3           2  -1.5663245578673737E-002
           1           3           2  -9.7161501034157202E-003
           2           3           2  -9.7161506963389238E-003
           3           3           2  -1.5663247726439691E-002
           4           3           2  -2.8960170050473306E-002
           5           3           2  -4.3229784861312869E-002
           6           3           2  -4.3229780688047392E-002
           7           3           2  -2.8960162920363332E-002
           0           4           2  -1.4553664959590319E-003
           1           4           2   9.4810149377077678E-004
           2           4           2  -1.4553675831632986E-003
           3           4           2  -8.5600371338949034E-003
           4           4           2  -1.7326312236370652E-002
           5           4           2  -2.1459911785633841E-002
           6           4           2  -1.7326308876369670E-002
           7           4           2  -8.5600332049559687E-003
           0           5           2   3.0557897246592171E-002
           1           5           2   3.0557895322160768E-002
           2           5           2   1.6829333916066867E-002
           3           5           2   1.9343700769764766E-003
           4           5           2  -6.6250541312446141E-003
           5           5           2  -6.6250521552623657E-003
           6           5           2   1.9343755784300485E-003
           7           5           2   1.6829341163599718E-002
           0           6           2  0.11314175492596734     
           1           6           2   7.6831423337725080E-002
           2           6           2   2.9975331226238827E-002
           3           6           2   6.5853907367813486E-003
           4           6           2  -5.7397370864967025E-005
           5           6           2   6.5853968979356558E-003
           6           6           2   2.9975346643048923E-002
           7           6           2   7.6831447537453162E-002
           0           7           2   8.4291319789253194E-002
           1           7           2   4.9595161201930742E-002
           2           7           2   1.6829324614439454E-002
           3           7           2   2.8101806280227772E-003
           4           7           2   2.8101835131227717E-003
           5           7           2   1.6829334677454285E-002
           6           7           2   4.9595180042130378E-002
           7           7           2   8.4291331866296740E-002
           0           0           3  -3.0783242646750961E-002
           1           0           3  -1.6852146818039364E-002
           2           0           3  -1.5663248494992212E-002
           3           0           3  -1.5663248379336685E-002
           4           0           3  -1.6852147935139165E-002
           5           0           3  -3.0783248117831362E-002
           6           0           3  -6.0224860829453240E-002
           7           0           3  -6.0224849996959942E-002
           0           1           3  -2.7572692861848259E-002
           1           1           3  -1.7154810378602569E-002
           2           1           3  -1.5277721685235316E-002
           3           1           3  -1.7154811422025178E-002
           4           1           3  -2.7572696767124805E-002
           5           1           3  -5.1607012882006011E-002
           6           1           3  -6.8368682451030074E-002
           7           1           3  -5.1607000845361323E-002
           0           2           3  -1.5663245578673719E-002
           1           2           3  -9.7161501034158000E-003
           2           2           3  -9.7161506963389602E-003
           3           2           3  -1.5663247726439608E-002
           4           2           3  -2.8960170050473293E-002
           5           2           3  -4.3229784861312855E-002
           6           2           3  -4.3229780688047413E-002
           7           2           3  -2.8960162920363387E-002
           0           3           3  -3.3835271615831343E-003
           1           3           3  -4.0040107620637876E-004
           2           3           3  -3.3835284673770847E-003
           3           3           3  -1.1570007973418875E-002
           4           3           3  -2.1459913691585442E-002
           5           3           3  -2.6172234437282088E-002
           6           3           3  -2.1459909879682552E-002
           7           3           3  -1.1570003539695518E-002
           0           4           3   9.7148191169954025E-003
           1           4           3   9.7148182448767700E-003
           2           4           3   2.8101832641130010E-003
           3           4           3  -6.6250551143355232E-003
           4           4           3  -1.3224241594799605E-002
           5           4           3  -1.3224239959948716E-002
           6           4           3  -6.6250511721719051E-003
           7           4           3   2.8101873105354849E-003
           0           5           3   2.6856465106446153E-002
           1           5           3   2.0080195614042243E-002
           2           5           3   6.5853908640883911E-003
           3           5           3  -4.2688947414869938E-003
           4           5           3  -8.2615393249928937E-003
           5           5           3  -4.2688912668359660E-003
           6           5           3   6.5853967706281276E-003
           7           5           3   2.0080200984270338E-002
           0           6           3   3.0557881562727037E-002
           1           6           3   1.6829326022163863E-002
           2           6           3   1.9343660309940319E-003
           3           6           3  -6.6250570202872130E-003
           4           6           3  -6.6250550443050756E-003
           5           6           3   1.9343715324523433E-003
           6           6           3   1.6829333269728481E-002
           7           6           3   3.0557885411621910E-002
           0           7           3  -5.0430631459285067E-003
           1           7           3  -3.1832156527118191E-003
           2           7           3  -8.5600416279512336E-003
           3           7           3  -1.1570010190281095E-002
           4           7           3  -8.5600392190724756E-003
           5           7           3  -3.1832140758692000E-003
           6           7           3  -5.0430664706449784E-003
           7           7           3  -1.1570022871425962E-002
           0           0           4  -2.3540734104609978E-002
           1           0           4  -2.7572696545787263E-002
           2           0           4  -3.1799287493095553E-002
           3           0           4  -2.7572695102067179E-002
           4           0           4  -2.3540734103757101E-002
           5           0           4  -2.7572694304974808E-002
           6           0           4  -3.1799282825557051E-002
           7           0           4  -2.7572691418425273E-002
           0           1           4  -1.6852145100060025E-002
           1           1           4  -1.7829060946875887E-002
           2           1           4  -1.7829060557746558E-002
           3           1           4  -1.6852145397972241E-002
           4           1           4  -2.1655566177570904E-002
           5           1           4  -2.8960167593768984E-002
           6           1           4  -2.8960165377066992E-002
           7           1           4  -2.1655562781923481E-002
           0           2           4  -1.4553664959590814E-003
           1           2           4   9.4810149377073819E-004
           2           2           4  -1.4553675831632529E-003
           3           2           4  -8.5600371338948530E-003
           4           2           4  -1.7326312236370579E-002
           5           2           4  -2.1459911785633869E-002
           6           2           4  -1.7326308876369670E-002
           7           2           4  -8.5600332049561405E-003
           0           3           4   9.7148191169953799E-003
           1           3           4   9.7148182448768151E-003
           2           3           4   2.8101832641130300E-003
           3           3           4  -6.6250551143355015E-003
           4           3           4  -1.3224241594799534E-002
           5           3           4  -1.3224239959948817E-002
           6           3           4  -6.6250511721718894E-003
           7           3           4   2.8101873105355925E-003
           0           4           4   1.2371444287258655E-002
           1           4           4   8.6011084348852924E-003
           2           4           4  -5.7399447514918911E-005
           3           4           4  -8.2615407306576381E-003
           4           4           4  -1.1570007973419045E-002
           5           4           4  -8.2615379193283871E-003
           6           4           4  -5.7395294215790560E-005
           7           4           4   8.6011115665999456E-003
           0           5           4   9.7148143671000348E-003
           1           5           4   2.8101800473608295E-003
           2           5           4  -6.6250580033781715E-003
           3           5           4  -1.3224244635315258E-002
           4           5           4  -1.3224243000464439E-002
           5           5           4  -6.6250540612144771E-003
           6           5           4   2.8101840937834670E-003
           7           5           4   9.7148161113364481E-003
           0           6           4  -1.4553739824189492E-003
           1           6           4  -8.5600423879979431E-003
           2           6           4  -1.7326317673026895E-002
           3           6           4  -2.1459917703779627E-002
           4           6           4  -1.7326314313020508E-002
           5           6           4  -8.5600384590258580E-003
           6           6           4  -1.4553718079734533E-003
           7           6           4   9.4809421947175307E-004
           0           7           4  -1.6852149653416148E-002
           1           7           4  -2.1655571139480145E-002
           2           7           4  -2.8960174228451024E-002
           3           7           4  -2.8960172011715510E-002
           4           7           4  -2.1655567743427920E-002
           5           7           4  -1.6852149056697924E-002
           6           7           4  -1.7829065516376977E-002
           7           7           4  -1.7829064349198075E-002
           0           0           5  -3.0783246373083748E-002
           1           0           5  -6.0224868449166892E-002
           2           0           5  -6.0224863032486899E-002
           3           0           5  -3.0783240900283039E-002
           4           0           5  -1.6852143982364207E-002
           5           0           5  -1.5663245694303902E-002
           6           0           5  -1.5663245463030908E-002
           7           0           5  -1.6852146217458609E-002
           0           1           5  -5.0430486591675067E-003
           1           1           5  -1.1570002720497201E-002
           2           1           5  -5.0430469963577973E-003
           3           1           5  -3.1832066509553812E-003
           4           1           5  -8.5600363738483742E-003
           5           1           5  -1.1570005756556801E-002
           6           1           5  -8.5600339650023609E-003
           7           1           5  -3.1832050745209512E-003
           0           2           5   3.0557897246592098E-002
           1           2           5   3.0557895322160869E-002
           2           2           5   1.6829333916066905E-002
           3           2           5   1.9343700769764202E-003
           4           2           5  -6.6250541312446298E-003
           5           2           5  -6.6250521552624047E-003
           6           2           5   1.9343755784301778E-003
           7           2           5   1.6829341163599697E-002
           0           3           5   2.6856465106446108E-002
           1           3           5   2.0080195614042343E-002
           2           3           5   6.5853908640884293E-003
           3           3           5  -4.2688947414869505E-003
           4           3           5  -8.2615393249929267E-003
           5           3           5  -4.2688912668359270E-003
           6           3           5   6.5853967706281389E-003
           7           3           5   2.0080200984270317E-002
           0           4           5   9.7148143671000609E-003
           1           4           5   2.8101800473608047E-003
           2           4           5  -6.6250580033781759E-003
           3           4           5  -1.3224244635315217E-002
           4           4           5  -1.3224243000464396E-002
           5           4           5  -6.6250540612145664E-003
           6           4           5   2.8101840937833438E-003
           7           4           5   9.7148161113365852E-003
           0           5           5  -3.3835325316489704E-003
           1           5           5  -1.1570012407143428E-002
           2           5           5  -2.1459919609731589E-002
           3           5           5  -2.6172241386584499E-002
           4           5           5  -2.1459915797827890E-002
           5           5           5  -1.1570007973418900E-002
           6           5           5  -3.3835299200609915E-003
           7           5           5  -4.0040525010838013E-004
           0           6           5  -1.5663251295667875E-002
           1           6           5  -2.8960176685156585E-002
           2           6           5  -4.3229796396526791E-002
           3           6           5  -4.3229792223254453E-002
           4           6           5  -2.8960169555010937E-002
           5           6           5  -1.5663247000097819E-002
           6           6           5  -9.7161524718443644E-003
           7           6           5  -9.7161542506184768E-003
           0           7           5  -2.7572698786302838E-002
           1           7           5  -5.1607022861585694E-002
           2           7           5  -6.8368699738050515E-002
           3           7           5  -5.1607010824532215E-002
           4           7           5  -2.7572690974859038E-002
           5           7           5  -1.7154809335074486E-002
           6           7           5  -1.5277721503601661E-002
           7           7           5  -1.7154812465553403E-002
           0           0           6  -7.3925891677000574E-002
           1           0           6 -0.20329276298152710     
           2           0           6  -7.3925865868871732E-002
           3           0           6  -5.0430446053477442E-003
           4           0           6  -1.4553671123065475E-003
           5           0           6  -3.3835271615807435E-003
           6           0           6  -1.4553658795947015E-003
           7           0           6  -5.0430527126834254E-003
           0           1           6   8.4291412547017011E-002
           1           1           6   8.4291406508857733E-002
           2           1           6   4.9595190910421603E-002
           3           1           6   1.6829332508341590E-002
           4           1           6   2.8101838447747371E-003
           5           1           6   2.8101867298751791E-003
           6           1           6   1.6829342571326254E-002
           7           1           6   4.9595209750223850E-002
           0           2           6  0.11314175492596719     
           1           2           6   7.6831423337725038E-002
           2           2           6   2.9975331226238876E-002
           3           2           6   6.5853907367812133E-003
           4           2           6  -5.7397370865045413E-005
           5           2           6   6.5853968979356949E-003
           6           2           6   2.9975346643049072E-002
           7           2           6   7.6831447537453176E-002
           0           3           6   3.0557881562727103E-002
           1           3           6   1.6829326022163714E-002
           2           3           6   1.9343660309939436E-003
           3           3           6  -6.6250570202872937E-003
           4           3           6  -6.6250550443050565E-003
           5           3           6   1.9343715324522776E-003
           6           3           6   1.6829333269728443E-002
           7           3           6   3.0557885411621979E-002
           0           4           6  -1.4553739824190320E-003
           1           4           6  -8.5600423879982242E-003
           2           4           6  -1.7326317673027322E-002
           3           4           6  -2.1459917703779662E-002
           4           4           6  -1.7326314313020438E-002
           5           4           6  -8.5600384590258614E-003
           6           4           6  -1.4553718079733525E-003
           7           4           6   9.4809421947167187E-004
           0           5           6  -1.5663251295667920E-002
           1           5           6  -2.8960176685156377E-002
           2           5           6  -4.3229796396526812E-002
           3           5           6  -4.3229792223254640E-002
           4           5           6  -2.8960169555010812E-002
           5           5           6  -1.5663247000097792E-002
           6           5           6  -9.7161524718445136E-003
           7           5           6  -9.7161542506186555E-003
           0           6           6  -3.1799292160647252E-002
           1           6           6  -6.8368709033800532E-002
           2           6           6  -9.4660717108051198E-002
           3           6           6  -6.8368690442302524E-002
           4           6           6  -3.1799280304156317E-002
           5           6           6  -1.5277718976567647E-002
           6           6           6  -1.1570007973418894E-002
           7           6           6  -1.5277724575536968E-002
           0           7           6  -6.0224876068605243E-002
           1           7           6 -0.16113668624946673     
           2           7           6 -0.16113664690779594     
           3           7           6  -6.0224842708245296E-002
           4           7           6  -1.7829052623201894E-002
           5           7           6  -9.7161481660387721E-003
           6           7           6  -9.7161496723613093E-003
           7           7           6  -1.7829064700944794E-002
           0           0           7 -0.51146913994004684     
           1           0           7 -0.51146914709248537     
           2           0           7   8.4291394754216001E-002
           3           0           7   3.0557889165453551E-002
           4           0           7   9.7148171509751288E-003
           5           0           7   9.7148210830246499E-003
           6           0           7   3.0557905327752353E-002
           7           0           7   8.4291430340076079E-002
           0           1           7  0.98822873062962446     
           1           1           7  0.34143479569203500     
           2           1           7   7.6831411837892646E-002
           3           1           7   2.0080192575952716E-002
           4           1           7   8.6011100007359863E-003
           5           1           7   2.0080204022347486E-002
           6           1           7   7.6831459037278088E-002
           7           1           7  0.34143495409900504     
           0           2           7   8.4291319789253000E-002
           1           2           7   4.9595161201930596E-002
           2           2           7   1.6829324614439426E-002
           3           2           7   2.8101806280227963E-003
           4           2           7   2.8101835131228211E-003
           5           2           7   1.6829334677454243E-002
           6           2           7   4.9595180042130586E-002
           7           2           7   8.4291331866296337E-002
           0           3           7  -5.0430631459284867E-003
           1           3           7  -3.1832156527119284E-003
           2           3           7  -8.5600416279512648E-003
           3           3           7  -1.1570010190280982E-002
           4           3           7  -8.5600392190723663E-003
           5           3           7  -3.1832140758690695E-003
           6           3           7  -5.0430664706447659E-003
           7           3           7  -1.1570022871426007E-002
           0           4           7  -1.6852149653416141E-002
           1           4           7  -2.1655571139479982E-002
           2           4           7  -2.8960174228450878E-002
           3           4           7  -2.8960172011715458E-002
           4           4           7  -2.1655567743427945E-002
           5           4           7  -1.6852149056697772E-002
           6           4           7  -1.7829065516377068E-002
           7           4           7  -1.7829064349198124E-002
           0           5           7  -2.7572698786302929E-002
           1           5           7  -5.1607022861585222E-002
           2           5           7  -6.8368699738050459E-002
           3           5           7  -5.1607010824532548E-002
           4           5           7  -2.7572690974859097E-002
           5           5           7  -1.7154809335074565E-002
           6           5           7  -1.5277721503601616E-002
           7           5           7  -1.7154812465553840E-002
           0           6           7  -6.0224876068605174E-002
           1           6           7 -0.16113668624946675     
           2           6           7 -0.16113664690779603     
           3           6           7  -6.0224842708244915E-002
           4           6           7  -1.7829052623201783E-002
           5           6           7  -9.7161481660384963E-003
           6           6           7  -9.7161496723611913E-003
           7           6           7  -1.7829064700944856E-002
           0           7           7 -0.20329278617044608     
           1           7           7 -0.71757965702266935     
           2           7           7 -0.20329265572827190     
           3           7           7  -1.1569978195174049E-002
           4           7           7   9.4810477769782396E-004
           5           7           7  -4.0039898924705498E-004
           6           7           7   9.4810548415961841E-004
           7           7           7  -1.1570007094879070E-002
