           0           0           0   1.7867134611329672E-016
           1           0           0  -1.5012887604588423     
           2           0           0 -0.19631480828260070     
           3           0           0  -9.4677600710945706E-002
           4           0           0 -0.19631484497882082     
           5           0           0  -1.5012887493124603     
           0           1           0   1.6861935450100148E-016
           1           1           0 -0.19419550412964670     
           2           1           0  -8.1698497015862251E-002
           3           1           0  -8.1698504622368787E-002
           4           1           0 -0.19419551909905769     
           5           1           0   7.0570892103731594E-008
           0           2           0  -3.9553630496717679E-017
           1           2           0  -3.1380224184203033E-002
           2           2           0  -2.5089379753403945E-002
           3           2           0  -3.1380224985414699E-002
           4           2           0   1.4445259616120838E-008
           5           2           0   9.4488432945134315E-002
           0           3           0  -7.1288567621007424E-018
           1           3           0   1.2600793813279682E-002
           2           3           0   1.2600791181148679E-002
           3           3           0  -2.4271330323171740E-016
           4           3           0   1.2600789096695533E-002
           5           3           0   1.2600783832435307E-002
           0           4           0  -3.8684725966680791E-017
           1           4           0   9.4488448562167787E-002
           2           4           0  -1.4445261081326760E-008
           3           4           0  -3.1380233393863997E-002
           4           4           0  -2.5089387092593479E-002
           5           4           0  -3.1380234996288572E-002
           0           5           0   1.2696754298249166E-016
           1           5           0  -7.0570903820449833E-008
           2           5           0 -0.19419553320323207     
           3           5           0  -8.1698502423751929E-002
           4           5           0  -8.1698517636768331E-002
           5           5           0 -0.19419556314206848     
           0           0           1   1.3055554230893107E-016
           1           0           1 -0.19419550412964681     
           2           0           1  -8.1698497015862140E-002
           3           0           1  -8.1698504622368759E-002
           4           0           1 -0.19419551909905797     
           5           0           1   7.0570892132406135E-008
           0           1           1  -9.4488432945138048E-002
           1           1           1  -6.4814637975871531E-002
           2           1           1  -4.1725865845810214E-002
           3           1           1  -6.4814644945416194E-002
           4           1           1  -9.4488424586318981E-002
           5           1           1  -4.8492335125201726E-015
           0           2           1  -1.2600786464565588E-002
           1           2           1   4.4245856064594163E-009
           2           2           1   2.4217406547350806E-009
           3           2           1  -1.2600787162241348E-002
           4           2           1   3.4797918979624153E-009
           5           2           1  -3.4797923338285731E-009
           0           3           1   3.1380234195076566E-002
           1           3           1   6.4814652741697565E-002
           2           3           1   3.1380226342162865E-002
           3           3           1  -2.2255215193645306E-009
           4           3           1  -4.1527755457980925E-003
           5           3           1   2.2255225380790324E-009
           0           4           1  0.19419554817265325     
           1           4           1  0.19419551464893028     
           2           4           1  -1.3684801853520453E-008
           3           4           1  -2.8807530236107642E-002
           4           4           1  -2.8807529270843027E-002
           5           4           1   1.3684806910196306E-008
           0           5           1   1.5012887548856453     
           1           5           1  -5.9773294576109230E-008
           2           5           1  -8.6168588800158319E-002
           3           5           1  -6.1337421071465295E-002
           4           5           1  -8.6168601552791990E-002
           5           5           1   5.9773316892052930E-008
           0           0           2  -3.2363796569836417E-017
           1           0           2  -3.1380224184202991E-002
           2           0           2  -2.5089379753403918E-002
           3           0           2  -3.1380224985414748E-002
           4           0           2   1.4445259670618898E-008
           5           0           2   9.4488432945134315E-002
           0           1           2  -1.2600786464565607E-002
           1           1           2   4.4245855822198629E-009
           2           1           2   2.4217406590007728E-009
           3           1           2  -1.2600787162241393E-002
           4           1           2   3.4797919323701026E-009
           5           1           2  -3.4797922876534885E-009
           0           2           2   2.5089387092593153E-002
           1           2           2   4.1725872692136401E-002
           2           2           2   2.5089382687629641E-002
           3           2           2   4.1527736240296129E-003
           4           2           2   7.8079262034762121E-017
           5           2           2   4.1527774675672426E-003
           0           3           2   8.1698510030258853E-002
           1           3           2   8.1698502975592543E-002
           2           3           2   2.8807521943374364E-002
           3           3           2  -2.0624799574279434E-009
           4           3           2   2.0624808532546595E-009
           5           3           2   2.8807537563577998E-002
           0           4           2  0.19631482663070740     
           1           4           2   8.6168572584273781E-002
           2           4           2  -6.3851060013471601E-009
           3           4           2  -1.5344517311926684E-002
           4           4           2   6.3851078335324737E-009
           5           4           2   8.6168617768679165E-002
           0           5           2  0.19419547505605600     
           1           5           2  -1.3684799481583148E-008
           2           5           2  -2.8807526270726896E-002
           3           5           2  -2.8807525305462368E-002
           4           5           2   1.3684804443247001E-008
           5           5           2  0.19419554210347828     
           0           0           3   1.9351891428938525E-017
           1           0           3   1.2600793813279675E-002
           2           0           3   1.2600791181148641E-002
           3           0           3  -2.3528599474981385E-016
           4           0           3   1.2600789096695595E-002
           5           0           3   1.2600783832435257E-002
           0           1           3   3.1380234195076566E-002
           1           1           3   6.4814652741697523E-002
           2           1           3   3.1380226342162802E-002
           3           1           3  -2.2255215083218804E-009
           4           1           3  -4.1527755457980231E-003
           5           1           3   2.2255224634743573E-009
           0           2           3   8.1698510030258936E-002
           1           2           3   8.1698502975592474E-002
           2           2           3   2.8807521943374360E-002
           3           2           3  -2.0624799372275621E-009
           4           2           3   2.0624808015642535E-009
           5           2           3   2.8807537563578019E-002
           0           3           3   9.4677600710944637E-002
           1           3           3   6.1337412184490736E-002
           2           3           3   1.5344512002940599E-002
           3           3           3   3.9955015963411362E-016
           4           3           3   1.5344522620914278E-002
           5           3           3   6.1337429958438092E-002
           0           4           3   8.1698491607971227E-002
           1           4           3   2.8807517977994596E-002
           2           4           3  -2.0624796215125800E-009
           3           4           3   2.0624804427837672E-009
           4           4           3   2.8807533598196298E-002
           5           4           3   8.1698505717300224E-002
           0           5           3   3.1380214974542978E-002
           1           5           3  -2.2255203255334939E-009
           2           5           3  -4.1527715804171843E-003
           3           5           3   2.2255212022463363E-009
           4           5           3   3.1380230680365731E-002
           5           5           3   6.4814630179587815E-002
           0           0           4  -3.2885761934483559E-017
           1           0           4   9.4488448562167787E-002
           2           0           4  -1.4445261043466907E-008
           3           0           4  -3.1380233393863997E-002
           4           0           4  -2.5089387092593490E-002
           5           0           4  -3.1380234996288545E-002
           0           1           4  0.19419554817265333     
           1           1           4  0.19419551464893015     
           2           1           4  -1.3684801880404400E-008
           3           1           4  -2.8807530236107538E-002
           4           1           4  -2.8807529270843082E-002
           5           1           4   1.3684806830024015E-008
           0           2           4  0.19631482663070732     
           1           2           4   8.6168572584273712E-002
           2           2           4  -6.3851059659983386E-009
           3           2           4  -1.5344517311926740E-002
           4           2           4   6.3851077870364910E-009
           5           2           4   8.6168617768679220E-002
           0           3           4   8.1698491607971158E-002
           1           3           4   2.8807517977994627E-002
           2           3           4  -2.0624795746568453E-009
           3           3           4   2.0624804891635479E-009
           4           3           4   2.8807533598196430E-002
           5           3           4   8.1698505717300293E-002
           0           4           4   2.5089372414214849E-002
           1           4           4   4.1527696586498271E-003
           2           4           4   5.7531779358585488E-017
           3           4           4   4.1527735021854775E-003
           4           4           4   2.5089381224139885E-002
           5           4           4   4.1725858999482279E-002
           0           5           4  -1.2600798529862957E-002
           1           5           4   3.4797943003265711E-009
           2           5           4  -3.4797946347108852E-009
           3           5           4  -1.2600797134512228E-002
           4           5           4  -7.2652230315310595E-009
           5           5           4  -1.3273757281583680E-008
           0           0           5   8.9528690852973812E-017
           1           0           5  -7.0570903754389773E-008
           2           0           5 -0.19419553320323221     
           3           0           5  -8.1698502423751984E-002
           4           0           5  -8.1698517636768303E-002
           5           0           5 -0.19419556314206857     
           0           1           5   1.5012887548856457     
           1           1           5  -5.9773294822547061E-008
           2           1           5  -8.6168588800158319E-002
           3           1           5  -6.1337421071465399E-002
           4           1           5  -8.6168601552792032E-002
           5           1           5   5.9773317093404243E-008
           0           2           5  0.19419547505605553     
           1           2           5  -1.3684799408202805E-008
           2           2           5  -2.8807526270726858E-002
           3           2           5  -2.8807525305462496E-002
           4           2           5   1.3684804495651414E-008
           5           2           5  0.19419554210347842     
           0           3           5   3.1380214974542978E-002
           1           3           5  -2.2255203027238343E-009
           2           3           5  -4.1527715804172667E-003
           3           3           5   2.2255212694297914E-009
           4           3           5   3.1380230680365766E-002
           5           3           5   6.4814630179587773E-002
           0           4           5  -1.2600798529862926E-002
           1           4           5   3.4797942948086266E-009
           2           4           5  -3.4797946575854649E-009
           3           4           5  -1.2600797134512188E-002
           4           4           5  -7.2652230353488868E-009
           5           4           5  -1.3273757283434230E-008
           0           5           5  -9.4488464179200427E-002
           1           5           5  -4.8094208789259822E-015
           2           5           5  -9.4488480896837118E-002
           3           5           5  -6.4814653568430552E-002
           4           5           5  -4.1725879538464100E-002
           5           5           5  -6.4814674477076575E-002
