           0           0           0  -8.7297922566973967E-013
           1           0           0  -3.1727053456577951E-013
           2           0           0  -1.5243278917130477E-014
           3           0           0  -1.1261256742128216E-016
           4           0           0  -6.1628123741650223E-017
           5           0           0  -2.5942990635938419E-017
           6           0           0  -1.5209173745010730E-014
           7           0           0  -3.1729275545636077E-013
           0           1           0  -1.5002779721499981     
           1           1           0 -0.19289946068331584     
           2           1           0  -3.4647790274866301E-002
           3           1           0  -7.8224757461147626E-003
           4           1           0   3.4990252182992535E-003
           5           1           0   2.1969319933598231E-002
           6           1           0   9.6099006892737635E-002
           7           1           0  -9.4043792597070181E-008
           0           2           0 -0.18906190297050796     
           1           2           0  -7.1663351898555064E-002
           2           2           0  -2.5202135165749477E-002
           3           2           0  -6.4905161223755446E-003
           4           2           0   7.1793125900091034E-003
           5           2           0   2.1969315659733073E-002
           6           2           0  -1.9948463948815764E-008
           7           2           0 -0.19289949841119192     
           0           3           0  -6.1068963588246192E-002
           1           3           0  -3.7240029268734931E-002
           2           3           0  -2.0207151252053877E-002
           3           3           0  -6.4905164855477079E-003
           4           3           0   3.4990239635356093E-003
           5           3           0  -3.7351563122505137E-009
           6           3           0  -3.4647801039934541E-002
           7           3           0  -7.1663354802804891E-002
           0           4           0  -3.9942112803794429E-002
           1           4           0  -3.7240032352826954E-002
           2           4           0  -2.5202137278077269E-002
           3           4           0  -7.8224755581262125E-003
           4           4           0  -1.2592188498124743E-016
           5           4           0  -7.8224790231440043E-003
           6           4           0  -2.5202138953354259E-002
           7           4           0  -3.7240030717090741E-002
           0           5           0  -6.1068974532128159E-002
           1           5           0  -7.1663365804773824E-002
           2           5           0  -3.4647790903891064E-002
           3           5           0   3.7351557152703423E-009
           4           5           0   3.4990239072955230E-003
           5           5           0  -6.4905189286299661E-003
           6           5           0  -2.0207154537120714E-002
           7           5           0  -3.7240036885275753E-002
           0           6           0 -0.18906195458501471     
           1           6           0 -0.19289948137797056     
           2           6           0   1.9948435987459407E-008
           3           6           0   2.1969317249685545E-002
           4           6           0   7.1793094187673897E-003
           5           6           0  -6.4905196549702978E-003
           6           6           0  -2.5202143178007314E-002
           7           6           0  -7.1663382615245727E-002
           0           7           0  -1.5002779578437950     
           1           7           0   9.4043164131614021E-008
           2           7           0   9.6098986957933424E-002
           3           7           0   2.1969308701972487E-002
           4           7           0   3.4990213977888220E-003
           5           7           0  -7.8224786471430743E-003
           6           7           0  -3.4647802297960356E-002
           7           7           0 -0.19289953980050895     
           0           0           1  -3.1727788402661709E-013
           1           0           1  -9.6098986958015928E-002
           2           0           1  -2.1969312975834480E-002
           3           0           1  -3.4990226525455424E-003
           4           0           1   7.8224788351395225E-003
           5           0           1   3.4647801668930181E-002
           6           0           1  0.19289951910552441     
           7           0           1   1.5002779649957911     
           0           1           1 -0.19289946068331593     
           1           1           1  -6.7988775743058116E-002
           2           1           1  -1.9858702156108392E-002
           3           1           1   1.8470108310610241E-009
           4           1           1   1.9858708179175573E-002
           5           1           1   6.7988793342334305E-002
           6           1           1  0.19289947457938419     
           7           1           1  -7.9203690677338723E-008
           0           2           1  -7.1663351898554800E-002
           1           2           1  -3.5431172239075229E-002
           2           2           1  -1.3235217321865498E-002
           3           2           1   2.8341913968425651E-003
           4           2           1   1.9858706243022928E-002
           5           2           1   3.4647791034324651E-002
           6           2           1  -1.7849796321258195E-008
           7           2           1  -8.1646199170496481E-002
           0           3           1  -3.7240029268734931E-002
           1           3           1  -2.5959693306207243E-002
           2           3           1  -1.3235218209618193E-002
           3           3           1   8.0353559221906998E-010
           4           3           1   7.8224761850008498E-003
           5           3           1  -4.2041555692251696E-009
           6           3           1  -2.5963303598684852E-002
           7           3           1  -4.2294117725316008E-002
           0           4           1  -3.7240032352826809E-002
           1           4           1  -3.5431176654048317E-002
           2           4           1  -1.9858703856774768E-002
           3           4           1  -3.4990228133900611E-003
           4           4           1  -7.8292878965158221E-010
           5           4           1  -8.7359098722241905E-003
           6           4           1  -2.1657546512177984E-002
           7           4           1  -3.1280738122842787E-002
           0           5           1  -7.1663365804774046E-002
           1           5           1  -6.7988785376258493E-002
           2           5           1  -2.1969311092975268E-002
           3           5           1   1.5190412134435737E-009
           4           5           1  -9.0963109038337563E-004
           5           5           1  -9.3184058601551278E-003
           6           5           1  -2.1657548016692264E-002
           7           5           1  -4.2294128185525692E-002
           0           6           1 -0.19289948137797094     
           1           6           1  -9.6098975203321529E-002
           2           6           1   5.7499115653212438E-009
           3           6           1   4.8465272639583697E-003
           4           6           1  -9.0963126976715571E-004
           5           6           1  -8.7359088631657113E-003
           6           6           1  -2.5963304239139798E-002
           7           6           1  -8.1646219671952541E-002
           0           7           1   9.4043164332970706E-008
           1           7           1  -6.2729748507169476E-014
           2           7           1  -5.7499152501537328E-009
           3           7           1  -1.5190411045941829E-009
           4           7           1   7.8292902971379140E-010
           5           7           1   4.2041565203508610E-009
           6           7           1   1.7849763622218367E-008
           7           7           1   7.9203278081305462E-008
           0           0           2  -1.5324571328921760E-014
           1           0           2  -2.1969312975834477E-002
           2           0           2  -7.1793094187687350E-003
           3           0           2   6.4905192917994233E-003
           4           0           2   2.5202141065666296E-002
           5           0           2   7.1663368708723738E-002
           6           0           2  0.18906192877690522     
           7           0           2  0.19289942295510704     
           0           1           2  -3.4647790274866454E-002
           1           1           2  -1.9858702156108486E-002
           2           1           2  -2.8341878824279863E-003
           3           1           2   1.3235221221924194E-002
           4           1           2   3.5431178651168578E-002
           5           1           2   7.1663360518529784E-002
           6           1           2   8.1646180330273405E-002
           7           1           2  -1.7849792722691162E-008
           0           2           2  -2.5202135165749498E-002
           1           2           2  -1.3235217321865516E-002
           2           2           2   1.4759992516553708E-009
           3           2           2   1.3235220243354811E-002
           4           2           2   2.5202137249761947E-002
           5           2           2   2.5963294943390728E-002
           6           2           2  -7.7084072426380779E-009
           7           2           2  -2.5963300198767286E-002
           0           3           2  -2.0207151252053902E-002
           1           3           2  -1.3235218209618175E-002
           2           3           2  -2.8341889774594000E-003
           3           3           2   6.4905176228356584E-003
           4           3           2   8.7359064064625094E-003
           5           3           2  -3.0169233033297545E-009
           6           3           2  -1.4226100140321661E-002
           7           3           2  -2.1657544402409142E-002
           0           4           2  -2.5202137278077363E-002
           1           4           2  -1.9858703856774816E-002
           2           4           2  -7.1793098896210938E-003
           3           4           2   9.0963050972196931E-004
           4           4           2  -1.0383247681087011E-009
           5           4           2  -6.8603207854441720E-003
           6           4           2  -1.4934845913984621E-002
           7           4           2  -2.1657545906923020E-002
           0           5           2  -3.4647790903891112E-002
           1           5           2  -2.1969311092975240E-002
           2           5           2  -4.8465258562324174E-003
           3           5           2   6.3653575392318204E-011
           4           5           2  -2.0647592710058222E-003
           5           5           2  -6.8603197323229516E-003
           6           5           2  -1.4226098812134363E-002
           7           5           2  -2.5963300839224542E-002
           0           6           2   1.9948436003553996E-008
           1           6           2   5.7499116115033710E-009
           2           6           2  -3.2147412522660032E-016
           3           6           2  -6.3653414819710849E-011
           4           6           2   1.0383251596792518E-009
           5           6           2   3.0169240213993295E-009
           6           6           2   7.7084027300437983E-009
           7           6           2   1.7849759714425235E-008
           0           7           2   9.6098986957933702E-002
           1           7           2  -5.7499152974899449E-009
           2           7           2  -4.8465286716848147E-003
           3           7           2   9.0963185042893327E-004
           4           7           2   8.7359123289276145E-003
           5           7           2   2.5963312894395296E-002
           6           7           2   8.1646238511730876E-002
           7           7           2  0.19289951200737618     
           0           0           3  -4.3069989470848959E-017
           1           0           3  -3.4990226525454028E-003
           2           0           3   6.4905192917994606E-003
           3           0           3   2.0207154537107166E-002
           4           0           3   3.7240033800888424E-002
           5           0           3   6.1068969059356007E-002
           6           0           3   7.1663348994004297E-002
           7           0           3   3.4647779509793704E-002
           0           1           3  -7.8224757461149326E-003
           1           1           3   1.8470108775758908E-009
           2           1           3   1.3235221221924181E-002
           3           1           3   2.5959695956702458E-002
           4           1           3   3.7240031535983431E-002
           5           1           3   4.2294116148459550E-002
           6           1           3   2.5963291543474362E-002
           7           1           3  -4.2041545347885576E-009
           0           2           3  -6.4905161223755880E-003
           1           2           3   2.8341913968424871E-003
           2           2           3   1.3235220243354729E-002
           3           2           3   2.0207152273685698E-002
           4           2           3   2.1657543343248552E-002
           5           2           3   1.4226094638862445E-002
           6           2           3  -3.0169230649547403E-009
           7           2           3  -8.7359077624538147E-003
           0           3           3  -6.4905164855476724E-003
           1           3           3   8.0353547888782157E-010
           2           3           3   6.4905176228356506E-003
           3           3           3   9.3184036432928854E-003
           4           3           3   6.8603178263713979E-003
           5           3           3  -1.7373253369280427E-009
           6           3           3  -6.8603200990803390E-003
           7           3           3  -9.3184035149056679E-003
           0           4           3  -7.8224755581262975E-003
           1           4           3  -3.4990228133900134E-003
           2           4           3   9.0963050972200476E-004
           3           4           3   2.0647582879150779E-003
           4           4           3  -7.0283226996205994E-010
           5           4           3  -3.5748552878828318E-003
           6           4           3  -6.8603190459592340E-003
           7           4           3  -8.7359067533984616E-003
           0           5           3   3.7351558177361611E-009
           1           5           3   1.5190411827646856E-009
           2           5           3   6.3653625095907327E-011
           3           5           3   1.1065658487459839E-016
           4           5           3   7.0283257147967579E-010
           5           5           3   1.7373258038894805E-009
           6           5           3   3.0169237583680059E-009
           7           5           3   4.2041553858451785E-009
           0           6           3   2.1969317249685684E-002
           1           6           3   4.8465272639584183E-003
           2           6           3  -6.3653508023834127E-011
           3           6           3   2.0647602540970773E-003
           4           6           3   6.8603226913963745E-003
           5           6           3   1.4226104313587106E-002
           6           6           3   2.5963309494478927E-002
           7           6           3   3.4647800779024442E-002
           0           7           3   2.1969308701972421E-002
           1           7           3  -1.5190411179378387E-009
           2           7           3   9.0963185042893836E-004
           3           7           3   9.3184080770171724E-003
           4           7           3   2.1657551185581124E-002
           5           7           3   4.2294129761946915E-002
           6           7           3   7.1663365374390747E-002
           7           7           3   6.7988767776873016E-002
           0           0           4   5.0437746803096800E-017
           1           0           4   7.8224788351395850E-003
           2           0           4   2.5202141065666327E-002
           3           0           4   3.7240033800888514E-002
           4           0           4   3.9942112802970907E-002
           5           0           4   3.7240027820084301E-002
           6           0           4   2.5202131378132552E-002
           7           0           4   7.8224724690943749E-003
           0           1           4   3.4990252182992318E-003
           1           1           4   1.9858708179175562E-002
           2           1           4   3.5431178651168543E-002
           3           1           4   3.7240031535983396E-002
           4           1           4   3.1280734726777649E-002
           5           1           4   2.1657541233480026E-002
           6           1           4   8.7359042966928275E-003
           7           1           4  -7.8292816839399443E-010
           0           2           4   7.1793125900091546E-003
           1           2           4   1.9858706243022831E-002
           2           2           4   2.5202137249761936E-002
           3           2           4   2.1657543343248514E-002
           4           2           4   1.4934842553977094E-002
           5           2           4   6.8603171400077869E-003
           6           2           4  -1.0383245248816879E-009
           7           2           4  -9.0962898061294111E-004
           0           3           4   3.4990239635355317E-003
           1           3           4   7.8224761850008654E-003
           2           3           4   8.7359064064625267E-003
           3           3           4   6.8603178263714317E-003
           4           3           4   3.5748536530323073E-003
           5           3           4  -7.0283215177179151E-010
           6           3           4  -2.0647585846420690E-003
           7           3           4  -9.0962915999988651E-004
           0           4           4  -8.9042346308880662E-017
           1           4           4  -7.8292879154800947E-010
           2           4           4  -1.0383247485359208E-009
           3           4           4  -7.0283216996930032E-010
           4           4           4   1.8245491292136898E-016
           5           4           4   7.0283247240645378E-010
           6           4           4   1.0383247704533826E-009
           7           4           4   7.8292847578419548E-010
           0           5           4   3.4990239072956474E-003
           1           5           4  -9.0963109038343462E-004
           2           5           4  -2.0647592710058118E-003
           3           5           4   7.0283260799780270E-010
           4           5           4   3.5748569227341993E-003
           5           5           4   6.8603220050323637E-003
           6           5           4   8.7359102191595824E-003
           7           5           4   7.8224777693938242E-003
           0           6           4   7.1793094187673724E-003
           1           6           4  -9.0963126976710887E-004
           2           6           4   1.0383251003003964E-009
           3           6           4   6.8603226913963441E-003
           4           6           4   1.4934849273984968E-002
           5           6           4   2.1657549075811799E-002
           6           6           4   2.5202139009943430E-002
           7           6           4   1.9858701706010472E-002
           0           7           4   3.4990213977886537E-003
           1           7           4   7.8292905289135153E-010
           2           7           4   8.7359123289276700E-003
           3           7           4   2.1657551185581030E-002
           4           7           4   3.1280741518477033E-002
           5           7           4   3.7240032349892621E-002
           6           7           4   3.5431170241849566E-002
           7           7           4   1.9858695897552420E-002
           0           0           5  -7.4165002583405837E-017
           1           0           5   3.4647801668930146E-002
           2           0           5   7.1663368708723710E-002
           3           0           5   6.1068969059356028E-002
           4           0           5   3.7240027820084218E-002
           5           0           5   2.0207147966973645E-002
           6           0           5   6.4905133161226184E-003
           7           0           5  -3.4990265292957280E-003
           0           1           5   2.1969319933598144E-002
           1           1           5   6.7988793342334555E-002
           2           1           5   7.1663360518529687E-002
           3           1           5   4.2294116148459508E-002
           4           1           5   2.1657541233479953E-002
           5           1           5   9.3184012980437950E-003
           6           1           5   9.0962839995221154E-004
           7           1           5   1.5190422210447605E-009
           0           2           5   2.1969315659733112E-002
           1           2           5   3.4647791034324520E-002
           2           2           5   2.5963294943390634E-002
           3           2           5   1.4226094638862367E-002
           4           2           5   6.8603171400079118E-003
           5           2           5   2.0647576015516500E-003
           6           2           5   6.3653815576524485E-011
           7           2           5   4.8465306638748708E-003
           0           3           5  -3.7351562849503059E-009
           1           3           5  -4.2041556294778102E-009
           2           3           5  -3.0169233425844584E-009
           3           3           5  -1.7373252616036123E-009
           4           3           5  -7.0283210269902850E-010
           5           3           5   1.2335037334078733E-016
           6           3           5  -6.3653926680590430E-011
           7           3           5  -1.5190420592132588E-009
           0           4           5  -7.8224790231438742E-003
           1           4           5  -8.7359098722242113E-003
           2           4           5  -6.8603207854442821E-003
           3           4           5  -3.5748552878828274E-003
           4           4           5   7.0283255572305506E-010
           5           4           5   2.0647595677328913E-003
           6           4           5   9.0962974066081026E-004
           7           4           5  -3.4990262075873988E-003
           0           5           5  -6.4905189286299115E-003
           1           5           5  -9.3184058601551694E-003
           2           5           5  -6.8603197323229993E-003
           3           5           5   1.7373258665323642E-009
           4           5           5   6.8603220050323620E-003
           5           5           5   9.3184057317673881E-003
           6           5           5   6.4905166540533098E-003
           7           5           5  -2.4106070130787492E-009
           0           6           5  -6.4905196549703888E-003
           1           6           5  -8.7359088631658536E-003
           2           6           5   3.0169240749983622E-009
           3           6           5   1.4226104313586981E-002
           4           6           5   2.1657549075811678E-002
           5           6           5   2.0207152493816296E-002
           6           6           5   1.3235216266695453E-002
           7           6           5   2.8341854630444087E-003
           0           7           5  -7.8224786471429372E-003
           1           7           5   4.2041564202347545E-009
           2           7           5   2.5963312894395119E-002
           3           7           5   4.2294129761946908E-002
           4           7           5   3.7240032349892628E-002
           5           7           5   2.5959690655608759E-002
           6           7           5   1.3235213330987110E-002
           7           7           5  -5.5410323161178824E-009
           0           0           6  -1.5241839159877821E-014
           1           0           6  0.19289951910552441     
           2           0           6  0.18906192877690534     
           3           0           6   7.1663348994004214E-002
           4           0           6   2.5202131378132622E-002
           5           0           6   6.4905133161225360E-003
           6           0           6  -7.1793157612521702E-003
           7           0           6  -2.1969322617507676E-002
           0           1           6   9.6099006892737829E-002
           1           1           6  0.19289947457938408     
           2           1           6   8.1646180330273530E-002
           3           1           6   2.5963291543474366E-002
           4           1           6   8.7359042966928240E-003
           5           1           6   9.0962839995236604E-004
           6           1           6  -4.8465292561504355E-003
           7           1           6   5.7499130704604297E-009
           0           2           6  -1.9948464034902383E-008
           1           2           6  -1.7849796441697158E-008
           2           2           6  -7.7084072856817694E-009
           3           2           6  -3.0169230190499630E-009
           4           2           6  -1.0383244202458108E-009
           5           2           6   6.3653964285478546E-011
           6           2           6  -3.3360933509634500E-016
           7           2           6  -5.7499166290118869E-009
           0           3           6  -3.4647801039934534E-002
           1           3           6  -2.5963303598684737E-002
           2           3           6  -1.4226100140321636E-002
           3           3           6  -6.8603200990803937E-003
           4           3           6  -2.0647585846421063E-003
           5           3           6  -6.3653854530175581E-011
           6           3           6  -4.8465320715996999E-003
           7           3           6  -2.1969326383204230E-002
           0           4           6  -2.5202138953354193E-002
           1           4           6  -2.1657546512177994E-002
           2           4           6  -1.4934845913984782E-002
           3           4           6  -6.8603190459592843E-003
           4           4           6   1.0383247473362721E-009
           5           4           6   9.0962974066074824E-004
           6           4           6  -7.1793148195404711E-003
           7           4           6  -1.9858708864759832E-002
           0           5           6  -2.0207154537120780E-002
           1           5           6  -2.1657548016692278E-002
           2           5           6  -1.4226098812134257E-002
           3           5           6   3.0169237830756608E-009
           4           5           6   8.7359102191595112E-003
           5           5           6   6.4905166540531554E-003
           6           5           6  -2.8341927211942750E-003
           7           5           6  -1.3235222367910813E-002
           0           6           6  -2.5202143178007220E-002
           1           6           6  -2.5963304239139708E-002
           2           6           6   7.7084025762088707E-009
           3           6           6   2.5963309494478910E-002
           4           6           6   2.5202139009943465E-002
           5           6           6   1.3235216266695347E-002
           6           6           6  -4.4279982713305779E-009
           7           6           6  -1.3235225031169180E-002
           0           7           6  -3.4647802297960772E-002
           1           7           6   1.7849763439963132E-008
           2           7           6   8.1646238511731001E-002
           3           7           6   7.1663365374390900E-002
           4           7           6   3.5431170241849448E-002
           5           7           6   1.3235213330987190E-002
           6           7           6  -2.8341960062892501E-003
           7           7           6  -1.9858713966759887E-002
           0           0           7  -3.1714950942675416E-013
           1           0           7   1.5002779649957916     
           2           0           7  0.19289942295510698     
           3           0           7   3.4647779509793759E-002
           4           0           7   7.8224724690941893E-003
           5           0           7  -3.4990265292957619E-003
           6           0           7  -2.1969322617507624E-002
           7           0           7  -9.6099026827615841E-002
           0           1           7  -9.4043792504386327E-008
           1           1           7  -7.9203690754598848E-008
           2           1           7  -1.7849792793803525E-008
           3           1           7  -4.2041544449266031E-009
           4           1           7  -7.8292803925552376E-010
           5           1           7   1.5190422280173905E-009
           6           1           7   5.7499129120149388E-009
           7           1           7  -6.2811633203470820E-014
           0           2           7 -0.19289949841119236     
           1           2           7  -8.1646199170496703E-002
           2           2           7  -2.5963300198767331E-002
           3           2           7  -8.7359077624537245E-003
           4           2           7  -9.0962898061305386E-004
           5           2           7   4.8465306638747390E-003
           6           2           7  -5.7499165984893855E-009
           7           2           7  -9.6099050336958369E-002
           0           3           7  -7.1663354802804918E-002
           1           3           7  -4.2294117725316029E-002
           2           3           7  -2.1657544402409114E-002
           3           3           7  -9.3184035149056869E-003
           4           3           7  -9.0962915999969341E-004
           5           3           7  -1.5190419812385343E-009
           6           3           7  -2.1969326383204237E-002
           7           3           7  -6.7988791675309537E-002
           0           4           7  -3.7240030717090603E-002
           1           4           7  -3.1280738122842801E-002
           2           4           7  -2.1657545906923106E-002
           3           4           7  -8.7359067533983089E-003
           4           4           7   7.8292847260316139E-010
           5           4           7  -3.4990262075873888E-003
           6           4           7  -1.9858708864759777E-002
           7           4           7  -3.5431176233418522E-002
           0           5           7  -3.7240036885275829E-002
           1           5           7  -4.2294128185525706E-002
           2           5           7  -2.5963300839224577E-002
           3           5           7   4.2041554647824048E-009
           4           5           7   7.8224777693938451E-003
           5           5           7  -2.4106069333572635E-009
           6           5           7  -1.3235222367910743E-002
           7           5           7  -2.5959698607300859E-002
           0           6           7  -7.1663382615245547E-002
           1           6           7  -8.1646219671952583E-002
           2           6           7   1.7849759860328394E-008
           3           6           7   3.4647800779024504E-002
           4           6           7   1.9858701706010406E-002
           5           6           7   2.8341854630445397E-003
           6           6           7  -1.3235225031169112E-002
           7           6           7  -3.5431189478342187E-002
           0           7           7 -0.19289953980050920     
           1           7           7   7.9203278142815764E-008
           2           7           7  0.19289951200737593     
           3           7           7   6.7988767776872697E-002
           4           7           7   1.9858695897552420E-002
           5           7           7  -5.5410324760095506E-009
           6           7           7  -1.9858713966759742E-002
           7           7           7  -6.7988820574928735E-002
