           0           0           0  -6.1871653138075437E-017
           1           0           0 -0.51146934208767392     
           2           0           0  -7.3925879607168191E-002
           3           0           0  -3.0783242646750402E-002
           4           0           0  -2.3540734104610141E-002
           5           0           0  -3.0783246373083450E-002
           6           0           0  -7.3925891677000435E-002
           7           0           0 -0.51146913994004728     
           0           1           0 -0.51146934208767347     
           1           1           0 -0.20329273979317064     
           2           1           0  -6.0224855413363219E-002
           3           1           0  -2.7572692861848443E-002
           4           1           0  -1.6852145100059980E-002
           5           1           0  -5.0430486591673583E-003
           6           1           0   8.4291412547017081E-002
           7           1           0  0.98822873062962979     
           0           2           0  -7.3925879607167608E-002
           1           2           0  -6.0224855413363108E-002
           2           2           0  -3.1799282825570006E-002
           3           2           0  -1.5663245578673851E-002
           4           2           0  -1.4553664959589391E-003
           5           2           0   3.0557897246592126E-002
           6           2           0  0.11314175492596756     
           7           2           0   8.4291319789253180E-002
           0           3           0  -3.0783242646750773E-002
           1           3           0  -2.7572692861848276E-002
           2           3           0  -1.5663245578673820E-002
           3           3           0  -3.3835271615830376E-003
           4           3           0   9.7148191169955586E-003
           5           3           0   2.6856465106446046E-002
           6           3           0   3.0557881562726940E-002
           7           3           0  -5.0430631459284876E-003
           0           4           0  -2.3540734104610026E-002
           1           4           0  -1.6852145100060095E-002
           2           4           0  -1.4553664959589666E-003
           3           4           0   9.7148191169955447E-003
           4           4           0   1.2371444287258745E-002
           5           4           0   9.7148143670997538E-003
           6           4           0  -1.4553739824189527E-003
           7           4           0  -1.6852149653416172E-002
           0           5           0  -3.0783246373083700E-002
           1           5           0  -5.0430486591674642E-003
           2           5           0   3.0557897246592056E-002
           3           5           0   2.6856465106446105E-002
           4           5           0   9.7148143670997399E-003
           5           5           0  -3.3835325316488966E-003
           6           5           0  -1.5663251295667705E-002
           7           5           0  -2.7572698786303196E-002
           0           6           0  -7.3925891677000366E-002
           1           6           0   8.4291412547016858E-002
           2           6           0  0.11314175492596722     
           3           6           0   3.0557881562727002E-002
           4           6           0  -1.4553739824189594E-003
           5           6           0  -1.5663251295667716E-002
           6           6           0  -3.1799292160647502E-002
           7           6           0  -6.0224876068605111E-002
           0           7           0 -0.51146913994004717     
           1           7           0  0.98822873062962646     
           2           7           0   8.4291319789253485E-002
           3           7           0  -5.0430631459287001E-003
           4           7           0  -1.6852149653416242E-002
           5           7           0  -2.7572698786303276E-002
           6           7           0  -6.0224876068605167E-002
           7           7           0 -0.20329278617044613     
           0           0           1  0.98822863658616777     
           1           0           1   8.4291357271554679E-002
           2           0           1  -5.0430538757903366E-003
           3           0           1  -1.6852146818039298E-002
           4           0           1  -2.7572696545787253E-002
           5           0           1  -6.0224868449166871E-002
           6           0           1 -0.20329276298152726     
           7           0           1 -0.51146914709248570     
           0           1           1   8.4291357271554151E-002
           1           1           1  -1.1570007979408518E-002
           2           1           1  -1.7829060829628440E-002
           3           1           1  -1.7154810378602593E-002
           4           1           1  -1.7829060946875905E-002
           5           1           1  -1.1570002720497099E-002
           6           1           1   8.4291406508857622E-002
           7           1           1  0.34143479569203511     
           0           2           1  -5.0430538757904814E-003
           1           2           1  -1.7829060829628429E-002
           2           2           1  -1.5277720661258711E-002
           3           2           1  -9.7161501034158573E-003
           4           2           1   9.4810149377084498E-004
           5           2           1   3.0557895322160838E-002
           6           2           1   7.6831423337724816E-002
           7           2           1   4.9595161201930707E-002
           0           3           1  -1.6852146818039360E-002
           1           3           1  -1.7154810378602579E-002
           2           3           1  -9.7161501034158538E-003
           3           3           1  -4.0040107620619467E-004
           4           3           1   9.7148182448768324E-003
           5           3           1   2.0080195614042388E-002
           6           3           1   1.6829326022163717E-002
           7           3           1  -3.1832156527118517E-003
           0           4           1  -2.7572696545787156E-002
           1           4           1  -1.7829060946875887E-002
           2           4           1   9.4810149377084292E-004
           3           4           1   9.7148182448768567E-003
           4           4           1   8.6011084348853687E-003
           5           4           1   2.8101800473606118E-003
           6           4           1  -8.5600423879980455E-003
           7           4           1  -2.1655571139480110E-002
           0           5           1  -6.0224868449166830E-002
           1           5           1  -1.1570002720497206E-002
           2           5           1   3.0557895322160911E-002
           3           5           1   2.0080195614042413E-002
           4           5           1   2.8101800473606308E-003
           5           5           1  -1.1570012407143440E-002
           6           5           1  -2.8960176685156234E-002
           7           5           1  -5.1607022861585417E-002
           0           6           1 -0.20329276298152707     
           1           6           1   8.4291406508857178E-002
           2           6           1   7.6831423337724664E-002
           3           6           1   1.6829326022163721E-002
           4           6           1  -8.5600423879980455E-003
           5           6           1  -2.8960176685156300E-002
           6           6           1  -6.8368709033800767E-002
           7           6           1 -0.16113668624946595     
           0           7           1 -0.51146914709248592     
           1           7           1  0.34143479569203389     
           2           7           1   4.9595161201930422E-002
           3           7           1  -3.1832156527119653E-003
           4           7           1  -2.1655571139480152E-002
           5           7           1  -5.1607022861585305E-002
           6           7           1 -0.16113668624946653     
           7           7           1 -0.71757965702266979     
           0           0           2  0.11314173497749293     
           1           0           2   3.0557885364086011E-002
           2           0           2  -1.4553705473680843E-003
           3           0           2  -1.5663248494992184E-002
           4           0           2  -3.1799287493095574E-002
           5           0           2  -6.0224863032486919E-002
           6           0           2  -7.3925865868871343E-002
           7           0           2   8.4291394754216362E-002
           0           1           2   3.0557885364086174E-002
           1           1           2   9.4809773888522358E-004
           2           1           2  -9.7161516295008014E-003
           3           1           2  -1.5277721685235146E-002
           4           1           2  -1.7829060557746579E-002
           5           1           2  -5.0430469963577886E-003
           6           1           2   4.9595190910421576E-002
           7           1           2   7.6831411837892896E-002
           0           2           2  -1.4553705473681021E-003
           1           2           2  -9.7161516295008188E-003
           2           2           2  -1.1570007973418886E-002
           3           2           2  -9.7161506963388978E-003
           4           2           2  -1.4553675831631184E-003
           5           2           2   1.6829333916066780E-002
           6           2           2   2.9975331226239025E-002
           7           2           2   1.6829324614439405E-002
           0           3           2  -1.5663248494992139E-002
           1           3           2  -1.5277721685235134E-002
           2           3           2  -9.7161506963389221E-003
           3           3           2  -3.3835284673771342E-003
           4           3           2   2.8101832641130651E-003
           5           3           2   6.5853908640884735E-003
           6           3           2   1.9343660309941130E-003
           7           3           2  -8.5600416279513394E-003
           0           4           2  -3.1799287493095567E-002
           1           4           2  -1.7829060557746555E-002
           2           4           2  -1.4553675831631217E-003
           3           4           2   2.8101832641130625E-003
           4           4           2  -5.7399447514941246E-005
           5           4           2  -6.6250580033782357E-003
           6           4           2  -1.7326317673027107E-002
           7           4           2  -2.8960174228450940E-002
           0           5           2  -6.0224863032486926E-002
           1           5           2  -5.0430469963578285E-003
           2           5           2   1.6829333916066856E-002
           3           5           2   6.5853908640884883E-003
           4           5           2  -6.6250580033782175E-003
           5           5           2  -2.1459919609731575E-002
           6           5           2  -4.3229796396526937E-002
           7           5           2  -6.8368699738050390E-002
           0           6           2  -7.3925865868871593E-002
           1           6           2   4.9595190910421541E-002
           2           6           2   2.9975331226239122E-002
           3           6           2   1.9343660309941221E-003
           4           6           2  -1.7326317673027093E-002
           5           6           2  -4.3229796396526902E-002
           6           6           2  -9.4660717108051157E-002
           7           6           2 -0.16113664690779658     
           0           7           2   8.4291394754216056E-002
           1           7           2   7.6831411837892813E-002
           2           7           2   1.6829324614439416E-002
           3           7           2  -8.5600416279513186E-003
           4           7           2  -2.8960174228450934E-002
           5           7           2  -6.8368699738050404E-002
           6           7           2 -0.16113664690779608     
           7           7           2 -0.20329265572827190     
           0           0           3   2.6856461371261228E-002
           1           0           3   9.7148157590398430E-003
           2           0           3  -3.3835298466138829E-003
           3           0           3  -1.5663248379336608E-002
           4           0           3  -2.7572695102067082E-002
           5           0           3  -3.0783240900282935E-002
           6           0           3  -5.0430446053478638E-003
           7           0           3   3.0557889165453499E-002
           0           1           3   9.7148157590398500E-003
           1           1           3  -4.0040316314875126E-004
           2           1           3  -9.7161521316070591E-003
           3           1           3  -1.7154811422025098E-002
           4           1           3  -1.6852145397972230E-002
           5           1           3  -3.1832066509554623E-003
           6           1           3   1.6829332508341680E-002
           7           1           3   2.0080192575952834E-002
           0           2           3  -3.3835298466138720E-003
           1           2           3  -9.7161521316070712E-003
           2           2           3  -1.5277722527578473E-002
           3           2           3  -1.5663247726439504E-002
           4           2           3  -8.5600371338949710E-003
           5           2           3   1.9343700769764243E-003
           6           2           3   6.5853907367812384E-003
           7           2           3   2.8101806280227733E-003
           0           3           3  -1.5663248379336640E-002
           1           3           3  -1.7154811422025181E-002
           2           3           3  -1.5663247726439525E-002
           3           3           3  -1.1570007973418832E-002
           4           3           3  -6.6250551143355327E-003
           5           3           3  -4.2688947414870467E-003
           6           3           3  -6.6250570202871645E-003
           7           3           3  -1.1570010190281055E-002
           0           4           3  -2.7572695102067075E-002
           1           4           3  -1.6852145397972203E-002
           2           4           3  -8.5600371338949623E-003
           3           4           3  -6.6250551143355605E-003
           4           4           3  -8.2615407306576884E-003
           5           4           3  -1.3224244635314998E-002
           6           4           3  -2.1459917703779630E-002
           7           4           3  -2.8960172011715798E-002
           0           5           3  -3.0783240900282938E-002
           1           5           3  -3.1832066509554593E-003
           2           5           3   1.9343700769763822E-003
           3           5           3  -4.2688947414870641E-003
           4           5           3  -1.3224244635315038E-002
           5           5           3  -2.6172241386584565E-002
           6           5           3  -4.3229792223254467E-002
           7           5           3  -5.1607010824532513E-002
           0           6           3  -5.0430446053478552E-003
           1           6           3   1.6829332508341649E-002
           2           6           3   6.5853907367812844E-003
           3           6           3  -6.6250570202871480E-003
           4           6           3  -2.1459917703779637E-002
           5           6           3  -4.3229792223254460E-002
           6           6           3  -6.8368690442302371E-002
           7           6           3  -6.0224842708244998E-002
           0           7           3   3.0557889165453499E-002
           1           7           3   2.0080192575952838E-002
           2           7           3   2.8101806280227942E-003
           3           7           3  -1.1570010190281050E-002
           4           7           3  -2.8960172011715815E-002
           5           7           3  -5.1607010824532493E-002
           6           7           3  -6.0224842708244991E-002
           7           7           3  -1.1569978195174364E-002
           0           0           4   1.2371444287229380E-002
           1           0           4   9.7148177250643598E-003
           2           0           4  -1.4553699309933512E-003
           3           0           4  -1.6852147935139169E-002
           4           0           4  -2.3540734103757066E-002
           5           0           4  -1.6852143982364114E-002
           6           0           4  -1.4553671123067548E-003
           7           0           4   9.7148171509752780E-003
           0           1           4   9.7148177250643390E-003
           1           1           4   9.4809797437417733E-004
           2           1           4  -1.7829064855470436E-002
           3           1           4  -2.7572696767124753E-002
           4           1           4  -2.1655566177570772E-002
           5           1           4  -8.5600363738484453E-003
           6           1           4   2.8101838447748342E-003
           7           1           4   8.6011100007357590E-003
           0           2           4  -1.4553699309933317E-003
           1           2           4  -1.7829064855470433E-002
           2           2           4  -3.1799288753776869E-002
           3           2           4  -2.8960170050473199E-002
           4           2           4  -1.7326312236370732E-002
           5           2           4  -6.6250541312447182E-003
           6           2           4  -5.7397370865079592E-005
           7           2           4   2.8101835131227539E-003
           0           3           4  -1.6852147935139197E-002
           1           3           4  -2.7572696767124771E-002
           2           3           4  -2.8960170050473185E-002
           3           3           4  -2.1459913691585428E-002
           4           3           4  -1.3224241594799586E-002
           5           3           4  -8.2615393249929371E-003
           6           3           4  -6.6250550443049819E-003
           7           3           4  -8.5600392190725572E-003
           0           4           4  -2.3540734103757090E-002
           1           4           4  -2.1655566177570834E-002
           2           4           4  -1.7326312236370711E-002
           3           4           4  -1.3224241594799591E-002
           4           4           4  -1.1570007973419038E-002
           5           4           4  -1.3224243000464236E-002
           6           4           4  -1.7326314313020463E-002
           7           4           4  -2.1655567743428101E-002
           0           5           4  -1.6852143982364131E-002
           1           5           4  -8.5600363738484609E-003
           2           5           4  -6.6250541312447208E-003
           3           5           4  -8.2615393249929371E-003
           4           5           4  -1.3224243000464238E-002
           5           5           4  -2.1459915797827925E-002
           6           5           4  -2.8960169555010955E-002
           7           5           4  -2.7572690974859107E-002
           0           6           4  -1.4553671123067311E-003
           1           6           4   2.8101838447748533E-003
           2           6           4  -5.7397370865083116E-005
           3           6           4  -6.6250550443049897E-003
           4           6           4  -1.7326314313020438E-002
           5           6           4  -2.8960169555010951E-002
           6           6           4  -3.1799280304156713E-002
           7           6           4  -1.7829052623201631E-002
           0           7           4   9.7148171509752815E-003
           1           7           4   8.6011100007357469E-003
           2           7           4   2.8101835131227487E-003
           3           7           4  -8.5600392190725728E-003
           4           7           4  -2.1655567743428045E-002
           5           7           4  -2.7572690974859107E-002
           6           7           4  -1.7829052623201627E-002
           7           7           4   9.4810477769777127E-004
           0           0           5   2.6856468841573031E-002
           1           0           5   3.0557893445253906E-002
           2           0           5  -5.0430579290020637E-003
           3           0           5  -3.0783248117831410E-002
           4           0           5  -2.7572694304974894E-002
           5           0           5  -1.5663245694303843E-002
           6           0           5  -3.3835271615807396E-003
           7           0           5   9.7148210830246620E-003
           0           1           5   3.0557893445253934E-002
           1           1           5  -1.1570017612503094E-002
           2           1           5  -6.0224872093070987E-002
           3           1           5  -5.1607012882005962E-002
           4           1           5  -2.8960167593768925E-002
           5           1           5  -1.1570005756556881E-002
           6           1           5   2.8101867298750047E-003
           7           1           5   2.0080204022347080E-002
           0           2           5  -5.0430579290020802E-003
           1           2           5  -6.0224872093070966E-002
           2           2           5  -6.8368691746743177E-002
           3           2           5  -4.3229784861312751E-002
           4           2           5  -2.1459911785633883E-002
           5           2           5  -6.6250521552625192E-003
           6           2           5   6.5853968979357547E-003
           7           2           5   1.6829334677454341E-002
           0           3           5  -3.0783248117831407E-002
           1           3           5  -5.1607012882005983E-002
           2           3           5  -4.3229784861312778E-002
           3           3           5  -2.6172234437282265E-002
           4           3           5  -1.3224239959948751E-002
           5           3           5  -4.2688912668358871E-003
           6           3           5   1.9343715324522566E-003
           7           3           5  -3.1832140758691002E-003
           0           4           5  -2.7572694304974870E-002
           1           4           5  -2.8960167593768887E-002
           2           4           5  -2.1459911785633876E-002
           3           4           5  -1.3224239959948769E-002
           4           4           5  -8.2615379193283853E-003
           5           4           5  -6.6250540612144172E-003
           6           4           5  -8.5600384590259378E-003
           7           4           5  -1.6852149056697869E-002
           0           5           5  -1.5663245694303843E-002
           1           5           5  -1.1570005756556888E-002
           2           5           5  -6.6250521552624784E-003
           3           5           5  -4.2688912668358524E-003
           4           5           5  -6.6250540612143877E-003
           5           5           5  -1.1570007973418735E-002
           6           5           5  -1.5663247000097726E-002
           7           5           5  -1.7154809335074475E-002
           0           6           5  -3.3835271615807391E-003
           1           6           5   2.8101867298749835E-003
           2           6           5   6.5853968979357929E-003
           3           6           5   1.9343715324522722E-003
           4           6           5  -8.5600384590259621E-003
           5           6           5  -1.5663247000097753E-002
           6           6           5  -1.5277718976567595E-002
           7           6           5  -9.7161481660386177E-003
           0           7           5   9.7148210830246516E-003
           1           7           5   2.0080204022347028E-002
           2           7           5   1.6829334677454292E-002
           3           7           5  -3.1832140758690877E-003
           4           7           5  -1.6852149056697911E-002
           5           7           5  -1.7154809335074486E-002
           6           7           5  -9.7161481660385917E-003
           7           7           5  -4.0039898924681131E-004
           0           0           6  0.11314177487439277     
           1           0           6   8.4291375064967436E-002
           2           0           6  -7.3925905413545059E-002
           3           0           6  -6.0224860829453462E-002
           4           0           6  -3.1799282825557190E-002
           5           0           6  -1.5663245463031064E-002
           6           0           6  -1.4553658795946429E-003
           7           0           6   3.0557905327752474E-002
           0           1           6   8.4291375064967186E-002
           1           1           6 -0.20329280501338459     
           2           1           6 -0.16113663730968700     
           3           1           6  -6.8368682451030310E-002
           4           1           6  -2.8960165377066891E-002
           5           1           6  -8.5600339650022273E-003
           6           1           6   1.6829342571326299E-002
           7           1           6   7.6831459037277727E-002
           0           2           6  -7.3925905413544990E-002
           1           2           6 -0.16113663730968766     
           2           2           6  -9.4660686373736994E-002
           3           2           6  -4.3229780688047253E-002
           4           2           6  -1.7326308876369916E-002
           5           2           6   1.9343755784300991E-003
           6           2           6   2.9975346643049357E-002
           7           2           6   4.9595180042130524E-002
           0           3           6  -6.0224860829453310E-002
           1           3           6  -6.8368682451030283E-002
           2           3           6  -4.3229780688047253E-002
           3           3           6  -2.1459909879682548E-002
           4           3           6  -6.6250511721719493E-003
           5           3           6   6.5853967706280053E-003
           6           3           6   1.6829333269728377E-002
           7           3           6  -5.0430664706449160E-003
           0           4           6  -3.1799282825557169E-002
           1           4           6  -2.8960165377067065E-002
           2           4           6  -1.7326308876369864E-002
           3           4           6  -6.6250511721719632E-003
           4           4           6  -5.7395294215894054E-005
           5           4           6   2.8101840937833971E-003
           6           4           6  -1.4553718079733558E-003
           7           4           6  -1.7829065516376988E-002
           0           5           6  -1.5663245463030957E-002
           1           5           6  -8.5600339650021683E-003
           2           5           6   1.9343755784301123E-003
           3           5           6   6.5853967706280174E-003
           4           5           6   2.8101840937833898E-003
           5           5           6  -3.3835299200611511E-003
           6           5           6  -9.7161524718445379E-003
           7           5           6  -1.5277721503601710E-002
           0           6           6  -1.4553658795946479E-003
           1           6           6   1.6829342571326306E-002
           2           6           6   2.9975346643049260E-002
           3           6           6   1.6829333269728353E-002
           4           6           6  -1.4553718079733900E-003
           5           6           6  -9.7161524718445483E-003
           6           6           6  -1.1570007973418917E-002
           7           6           6  -9.7161496723614602E-003
           0           7           6   3.0557905327752582E-002
           1           7           6   7.6831459037277991E-002
           2           7           6   4.9595180042130489E-002
           3           7           6  -5.0430664706448813E-003
           4           7           6  -1.7829065516377061E-002
           5           7           6  -1.5277721503601738E-002
           6           7           6  -9.7161496723614325E-003
           7           7           6   9.4810548415967815E-004
           0           0           7  0.98822882467312523     
           1           0           7 -0.51146933493390834     
           2           0           7 -0.20329273979287865     
           3           0           7  -6.0224849996959547E-002
           4           0           7  -2.7572691418425697E-002
           5           0           7  -1.6852146217458390E-002
           6           0           7  -5.0430527126835859E-003
           7           0           7   8.4291430340076440E-002
           0           1           7 -0.51146933493390878     
           1           1           7 -0.71757962091239968     
           2           1           7 -0.16113659796844385     
           3           1           7  -5.1607000845361378E-002
           4           1           7  -2.1655562781923390E-002
           5           1           7  -3.1832050745209603E-003
           6           1           7   4.9595209750223850E-002
           7           1           7  0.34143495409900371     
           0           2           7 -0.20329273979287846     
           1           2           7 -0.16113659796844373     
           2           2           7  -6.8368673155320067E-002
           3           2           7  -2.8960162920363266E-002
           4           2           7  -8.5600332049559670E-003
           5           2           7   1.6829341163599684E-002
           6           2           7   7.6831447537453246E-002
           7           2           7   8.4291331866296573E-002
           0           3           7  -6.0224849996959803E-002
           1           3           7  -5.1607000845361517E-002
           2           3           7  -2.8960162920363283E-002
           3           3           7  -1.1570003539695445E-002
           4           3           7   2.8101873105356744E-003
           5           3           7   2.0080200984270435E-002
           6           3           7   3.0557885411622018E-002
           7           3           7  -1.1570022871425939E-002
           0           4           7  -2.7572691418425520E-002
           1           4           7  -2.1655562781923290E-002
           2           4           7  -8.5600332049559687E-003
           3           4           7   2.8101873105356350E-003
           4           4           7   8.6011115665998415E-003
           5           4           7   9.7148161113364689E-003
           6           4           7   9.4809421947181108E-004
           7           4           7  -1.7829064349197805E-002
           0           5           7  -1.6852146217458615E-002
           1           5           7  -3.1832050745208458E-003
           2           5           7   1.6829341163599569E-002
           3           5           7   2.0080200984270460E-002
           4           5           7   9.7148161113364551E-003
           5           5           7  -4.0040525010831291E-004
           6           5           7  -9.7161542506184403E-003
           7           5           7  -1.7154812465553861E-002
           0           6           7  -5.0430527126834506E-003
           1           6           7   4.9595209750223891E-002
           2           6           7   7.6831447537453273E-002
           3           6           7   3.0557885411621882E-002
           4           6           7   9.4809421947180663E-004
           5           6           7  -9.7161542506184629E-003
           6           6           7  -1.5277724575536939E-002
           7           6           7  -1.7829064700945231E-002
           0           7           7   8.4291430340076037E-002
           1           7           7  0.34143495409900471     
           2           7           7   8.4291331866296559E-002
           3           7           7  -1.1570022871425912E-002
           4           7           7  -1.7829064349197836E-002
           5           7           7  -1.7154812465553945E-002
           6           7           7  -1.7829064700945255E-002
           7           7           7  -1.1570007094878702E-002
