           0           0           0  -3.1508985951110733E-016
           1           0           0 -0.51146934208767436     
           2           0           0  -7.3925879607168218E-002
           3           0           0  -3.0783242646750444E-002
           4           0           0  -2.3540734104610456E-002
           5           0           0  -3.0783246373083314E-002
           6           0           0  -7.3925891677000491E-002
           7           0           0 -0.51146913994004650     
           0           1           0  0.98822863658616755     
           1           1           0   8.4291357271554429E-002
           2           1           0  -5.0430538757903938E-003
           3           1           0  -1.6852146818039423E-002
           4           1           0  -2.7572696545787194E-002
           5           1           0  -6.0224868449167079E-002
           6           1           0 -0.20329276298152710     
           7           1           0 -0.51146914709248570     
           0           2           0  0.11314173497749293     
           1           2           0   3.0557885364086126E-002
           2           2           0  -1.4553705473680872E-003
           3           2           0  -1.5663248494992323E-002
           4           2           0  -3.1799287493095484E-002
           5           2           0  -6.0224863032487010E-002
           6           2           0  -7.3925865868871246E-002
           7           2           0   8.4291394754216348E-002
           0           3           0   2.6856461371261207E-002
           1           3           0   9.7148157590399731E-003
           2           3           0  -3.3835298466139839E-003
           3           3           0  -1.5663248379336699E-002
           4           3           0  -2.7572695102067078E-002
           5           3           0  -3.0783240900283046E-002
           6           3           0  -5.0430446053477927E-003
           7           3           0   3.0557889165453482E-002
           0           4           0   1.2371444287229508E-002
           1           4           0   9.7148177250643234E-003
           2           4           0  -1.4553699309933824E-003
           3           4           0  -1.6852147935139127E-002
           4           4           0  -2.3540734103757111E-002
           5           4           0  -1.6852143982364381E-002
           6           4           0  -1.4553671123066223E-003
           7           4           0   9.7148171509753006E-003
           0           5           0   2.6856468841573163E-002
           1           5           0   3.0557893445253764E-002
           2           5           0  -5.0430579290020872E-003
           3           5           0  -3.0783248117831442E-002
           4           5           0  -2.7572694304975026E-002
           5           5           0  -1.5663245694303871E-002
           6           5           0  -3.3835271615805839E-003
           7           5           0   9.7148210830243758E-003
           0           6           0  0.11314177487439273     
           1           6           0   8.4291375064967367E-002
           2           6           0  -7.3925905413544796E-002
           3           6           0  -6.0224860829453462E-002
           4           6           0  -3.1799282825557267E-002
           5           6           0  -1.5663245463030873E-002
           6           6           0  -1.4553658795946136E-003
           7           6           0   3.0557905327752433E-002
           0           7           0  0.98822882467312456     
           1           7           0 -0.51146933493390834     
           2           7           0 -0.20329273979287826     
           3           7           0  -6.0224849996959623E-002
           4           7           0  -2.7572691418425485E-002
           5           7           0  -1.6852146217458432E-002
           6           7           0  -5.0430527126835642E-003
           7           7           0   8.4291430340076190E-002
           0           0           1 -0.51146934208767381     
           1           0           1 -0.20329273979317078     
           2           0           1  -6.0224855413363129E-002
           3           0           1  -2.7572692861848463E-002
           4           0           1  -1.6852145100059977E-002
           5           0           1  -5.0430486591674364E-003
           6           0           1   8.4291412547016831E-002
           7           0           1  0.98822873062963001     
           0           1           1   8.4291357271554235E-002
           1           1           1  -1.1570007979408582E-002
           2           1           1  -1.7829060829628478E-002
           3           1           1  -1.7154810378602555E-002
           4           1           1  -1.7829060946875724E-002
           5           1           1  -1.1570002720497095E-002
           6           1           1   8.4291406508857525E-002
           7           1           1  0.34143479569203611     
           0           2           1   3.0557885364086174E-002
           1           2           1   9.4809773888521393E-004
           2           2           1  -9.7161516295008916E-003
           3           2           1  -1.5277721685235203E-002
           4           2           1  -1.7829060557746506E-002
           5           2           1  -5.0430469963576984E-003
           6           2           1   4.9595190910421610E-002
           7           2           1   7.6831411837892785E-002
           0           3           1   9.7148157590399419E-003
           1           3           1  -4.0040316314890559E-004
           2           3           1  -9.7161521316070226E-003
           3           3           1  -1.7154811422024963E-002
           4           3           1  -1.6852145397972213E-002
           5           3           1  -3.1832066509555755E-003
           6           3           1   1.6829332508341829E-002
           7           3           1   2.0080192575952723E-002
           0           4           1   9.7148177250643494E-003
           1           4           1   9.4809797437414611E-004
           2           4           1  -1.7829064855470214E-002
           3           4           1  -2.7572696767124701E-002
           4           4           1  -2.1655566177570928E-002
           5           4           1  -8.5600363738484505E-003
           6           4           1   2.8101838447748871E-003
           7           4           1   8.6011100007358093E-003
           0           5           1   3.0557893445253902E-002
           1           5           1  -1.1570017612503068E-002
           2           5           1  -6.0224872093070855E-002
           3           5           1  -5.1607012882006052E-002
           4           5           1  -2.8960167593769022E-002
           5           5           1  -1.1570005756556895E-002
           6           5           1   2.8101867298749692E-003
           7           5           1   2.0080204022347403E-002
           0           6           1   8.4291375064966811E-002
           1           6           1 -0.20329280501338431     
           2           6           1 -0.16113663730968733     
           3           6           1  -6.8368682451030588E-002
           4           6           1  -2.8960165377066860E-002
           5           6           1  -8.5600339650021458E-003
           6           6           1   1.6829342571326227E-002
           7           6           1   7.6831459037277769E-002
           0           7           1 -0.51146933493390867     
           1           7           1 -0.71757962091239968     
           2           7           1 -0.16113659796844385     
           3           7           1  -5.1607000845361413E-002
           4           7           1  -2.1655562781923380E-002
           5           7           1  -3.1832050745209460E-003
           6           7           1   4.9595209750224079E-002
           7           7           1  0.34143495409900410     
           0           0           2  -7.3925879607167691E-002
           1           0           2  -6.0224855413363095E-002
           2           0           2  -3.1799282825569847E-002
           3           0           2  -1.5663245578673744E-002
           4           0           2  -1.4553664959590352E-003
           5           0           2   3.0557897246592167E-002
           6           0           2  0.11314175492596766     
           7           0           2   8.4291319789253291E-002
           0           1           2  -5.0430538757905100E-003
           1           1           2  -1.7829060829628509E-002
           2           1           2  -1.5277720661258751E-002
           3           1           2  -9.7161501034157341E-003
           4           1           2   9.4810149377080074E-004
           5           1           2   3.0557895322160692E-002
           6           1           2   7.6831423337725219E-002
           7           1           2   4.9595161201930756E-002
           0           2           2  -1.4553705473681117E-003
           1           2           2  -9.7161516295008292E-003
           2           2           2  -1.1570007973418821E-002
           3           2           2  -9.7161506963388856E-003
           4           2           2  -1.4553675831632735E-003
           5           2           2   1.6829333916066794E-002
           6           2           2   2.9975331226238921E-002
           7           2           2   1.6829324614439478E-002
           0           3           2  -3.3835298466138725E-003
           1           3           2  -9.7161521316070469E-003
           2           3           2  -1.5277722527578466E-002
           3           3           2  -1.5663247726439650E-002
           4           3           2  -8.5600371338948947E-003
           5           3           2   1.9343700769764523E-003
           6           3           2   6.5853907367812827E-003
           7           3           2   2.8101806280227608E-003
           0           4           2  -1.4553699309933568E-003
           1           4           2  -1.7829064855470391E-002
           2           4           2  -3.1799288753776876E-002
           3           4           2  -2.8960170050473296E-002
           4           4           2  -1.7326312236370663E-002
           5           4           2  -6.6250541312446272E-003
           6           4           2  -5.7397370865103872E-005
           7           4           2   2.8101835131228003E-003
           0           5           2  -5.0430579290021704E-003
           1           5           2  -6.0224872093070841E-002
           2           5           2  -6.8368691746743329E-002
           3           5           2  -4.3229784861312910E-002
           4           5           2  -2.1459911785633903E-002
           5           5           2  -6.6250521552623691E-003
           6           5           2   6.5853968979355908E-003
           7           5           2   1.6829334677454285E-002
           0           6           2  -7.3925905413544810E-002
           1           6           2 -0.16113663730968730     
           2           6           2  -9.4660686373737049E-002
           3           6           2  -4.3229780688047399E-002
           4           6           2  -1.7326308876369746E-002
           5           6           2   1.9343755784299987E-003
           6           6           2   2.9975346643049162E-002
           7           6           2   4.9595180042130593E-002
           0           7           2 -0.20329273979287835     
           1           7           2 -0.16113659796844362     
           2           7           2  -6.8368673155319942E-002
           3           7           2  -2.8960162920363235E-002
           4           7           2  -8.5600332049559687E-003
           5           7           2   1.6829341163599684E-002
           6           7           2   7.6831447537452996E-002
           7           7           2   8.4291331866296573E-002
           0           0           3  -3.0783242646750759E-002
           1           0           3  -2.7572692861848221E-002
           2           0           3  -1.5663245578673806E-002
           3           0           3  -3.3835271615831370E-003
           4           0           3   9.7148191169953713E-003
           5           0           3   2.6856465106446077E-002
           6           0           3   3.0557881562727068E-002
           7           0           3  -5.0430631459284945E-003
           0           1           3  -1.6852146818039385E-002
           1           1           3  -1.7154810378602614E-002
           2           1           3  -9.7161501034158191E-003
           3           1           3  -4.0040107620637947E-004
           4           1           3   9.7148182448767648E-003
           5           1           3   2.0080195614042347E-002
           6           1           3   1.6829326022163849E-002
           7           1           3  -3.1832156527118230E-003
           0           2           3  -1.5663248494992225E-002
           1           2           3  -1.5277721685235206E-002
           2           2           3  -9.7161506963390036E-003
           3           2           3  -3.3835284673770926E-003
           4           2           3   2.8101832641130105E-003
           5           2           3   6.5853908640883876E-003
           6           2           3   1.9343660309940362E-003
           7           2           3  -8.5600416279512283E-003
           0           3           3  -1.5663248379336671E-002
           1           3           3  -1.7154811422025198E-002
           2           3           3  -1.5663247726439622E-002
           3           3           3  -1.1570007973418873E-002
           4           3           3  -6.6250551143355362E-003
           5           3           3  -4.2688947414869921E-003
           6           3           3  -6.6250570202872130E-003
           7           3           3  -1.1570010190281090E-002
           0           4           3  -1.6852147935139169E-002
           1           4           3  -2.7572696767124798E-002
           2           4           3  -2.8960170050473293E-002
           3           4           3  -2.1459913691585439E-002
           4           4           3  -1.3224241594799572E-002
           5           4           3  -8.2615393249929146E-003
           6           4           3  -6.6250550443050660E-003
           7           4           3  -8.5600392190724930E-003
           0           5           3  -3.0783248117831362E-002
           1           5           3  -5.1607012882005983E-002
           2           5           3  -4.3229784861312875E-002
           3           5           3  -2.6172234437282071E-002
           4           5           3  -1.3224239959948703E-002
           5           5           3  -4.2688912668360050E-003
           6           5           3   1.9343715324522893E-003
           7           5           3  -3.1832140758692312E-003
           0           6           3  -6.0224860829453303E-002
           1           6           3  -6.8368682451030213E-002
           2           6           3  -4.3229780688047427E-002
           3           6           3  -2.1459909879682531E-002
           4           6           3  -6.6250511721719137E-003
           5           6           3   6.5853967706281233E-003
           6           6           3   1.6829333269728453E-002
           7           6           3  -5.0430664706449671E-003
           0           7           3  -6.0224849996959963E-002
           1           7           3  -5.1607000845361316E-002
           2           7           3  -2.8960162920363363E-002
           3           7           3  -1.1570003539695525E-002
           4           7           3   2.8101873105354789E-003
           5           7           3   2.0080200984270387E-002
           6           7           3   3.0557885411621941E-002
           7           7           3  -1.1570022871425969E-002
           0           0           4  -2.3540734104609981E-002
           1           0           4  -1.6852145100060046E-002
           2           0           4  -1.4553664959590785E-003
           3           0           4   9.7148191169953643E-003
           4           0           4   1.2371444287258653E-002
           5           0           4   9.7148143671000383E-003
           6           0           4  -1.4553739824189362E-003
           7           0           4  -1.6852149653416196E-002
           0           1           4  -2.7572696545787267E-002
           1           1           4  -1.7829060946875863E-002
           2           1           4   9.4810149377075532E-004
           3           1           4   9.7148182448767925E-003
           4           1           4   8.6011084348852750E-003
           5           1           4   2.8101800473608282E-003
           6           1           4  -8.5600423879979379E-003
           7           1           4  -2.1655571139480120E-002
           0           2           4  -3.1799287493095671E-002
           1           2           4  -1.7829060557746541E-002
           2           2           4  -1.4553675831632217E-003
           3           2           4   2.8101832641130291E-003
           4           2           4  -5.7399447514893839E-005
           5           2           4  -6.6250580033781759E-003
           6           2           4  -1.7326317673026875E-002
           7           2           4  -2.8960174228451038E-002
           0           3           4  -2.7572695102067179E-002
           1           3           4  -1.6852145397972241E-002
           2           3           4  -8.5600371338948582E-003
           3           3           4  -6.6250551143355032E-003
           4           3           4  -8.2615407306576068E-003
           5           3           4  -1.3224244635315229E-002
           6           3           4  -2.1459917703779644E-002
           7           3           4  -2.8960172011715496E-002
           0           4           4  -2.3540734103757101E-002
           1           4           4  -2.1655566177570904E-002
           2           4           4  -1.7326312236370590E-002
           3           4           4  -1.3224241594799508E-002
           4           4           4  -1.1570007973419057E-002
           5           4           4  -1.3224243000464432E-002
           6           4           4  -1.7326314313020529E-002
           7           4           4  -2.1655567743427903E-002
           0           5           4  -2.7572694304974828E-002
           1           5           4  -2.8960167593768980E-002
           2           5           4  -2.1459911785633921E-002
           3           5           4  -1.3224239959948781E-002
           4           5           4  -8.2615379193283923E-003
           5           5           4  -6.6250540612144779E-003
           6           5           4  -8.5600384590258684E-003
           7           5           4  -1.6852149056697917E-002
           0           6           4  -3.1799282825557114E-002
           1           6           4  -2.8960165377067002E-002
           2           6           4  -1.7326308876369646E-002
           3           6           4  -6.6250511721718990E-003
           4           6           4  -5.7395294215765149E-005
           5           6           4   2.8101840937834691E-003
           6           6           4  -1.4553718079734349E-003
           7           6           4  -1.7829065516376946E-002
           0           7           4  -2.7572691418425256E-002
           1           7           4  -2.1655562781923453E-002
           2           7           4  -8.5600332049561145E-003
           3           7           4   2.8101873105355699E-003
           4           7           4   8.6011115665999543E-003
           5           7           4   9.7148161113364360E-003
           6           7           4   9.4809421947177454E-004
           7           7           4  -1.7829064349198037E-002
           0           0           5  -3.0783246373083648E-002
           1           0           5  -5.0430486591674928E-003
           2           0           5   3.0557897246592133E-002
           3           0           5   2.6856465106446077E-002
           4           0           5   9.7148143671000418E-003
           5           0           5  -3.3835325316489773E-003
           6           0           5  -1.5663251295667920E-002
           7           0           5  -2.7572698786302852E-002
           0           1           5  -6.0224868449166920E-002
           1           1           5  -1.1570002720497208E-002
           2           1           5   3.0557895322160876E-002
           3           1           5   2.0080195614042413E-002
           4           1           5   2.8101800473608112E-003
           5           1           5  -1.1570012407143429E-002
           6           1           5  -2.8960176685156529E-002
           7           1           5  -5.1607022861585694E-002
           0           2           5  -6.0224863032486864E-002
           1           2           5  -5.0430469963578224E-003
           2           2           5   1.6829333916066849E-002
           3           2           5   6.5853908640884275E-003
           4           2           5  -6.6250580033782114E-003
           5           2           5  -2.1459919609731572E-002
           6           2           5  -4.3229796396526812E-002
           7           2           5  -6.8368699738050528E-002
           0           3           5  -3.0783240900282977E-002
           1           3           5  -3.1832066509554003E-003
           2           3           5   1.9343700769763705E-003
           3           3           5  -4.2688947414869938E-003
           4           3           5  -1.3224244635315218E-002
           5           3           5  -2.6172241386584472E-002
           6           3           5  -4.3229792223254453E-002
           7           3           5  -5.1607010824532264E-002
           0           4           5  -1.6852143982364211E-002
           1           4           5  -8.5600363738483672E-003
           2           4           5  -6.6250541312446280E-003
           3           4           5  -8.2615393249929527E-003
           4           4           5  -1.3224243000464382E-002
           5           4           5  -2.1459915797827883E-002
           6           4           5  -2.8960169555010934E-002
           7           4           5  -2.7572690974859034E-002
           0           5           5  -1.5663245694303895E-002
           1           5           5  -1.1570005756556796E-002
           2           5           5  -6.6250521552624194E-003
           3           5           5  -4.2688912668359270E-003
           4           5           5  -6.6250540612145734E-003
           5           5           5  -1.1570007973418900E-002
           6           5           5  -1.5663247000097764E-002
           7           5           5  -1.7154809335074423E-002
           0           6           5  -1.5663245463030870E-002
           1           6           5  -8.5600339650023314E-003
           2           6           5   1.9343755784301695E-003
           3           6           5   6.5853967706281380E-003
           4           6           5   2.8101840937833395E-003
           5           6           5  -3.3835299200609763E-003
           6           6           5  -9.7161524718443644E-003
           7           6           5  -1.5277721503601691E-002
           0           7           5  -1.6852146217458681E-002
           1           7           5  -3.1832050745209551E-003
           2           7           5   1.6829341163599600E-002
           3           7           5   2.0080200984270446E-002
           4           7           5   9.7148161113365331E-003
           5           7           5  -4.0040525010836430E-004
           6           7           5  -9.7161542506184351E-003
           7           7           5  -1.7154812465553431E-002
           0           0           6  -7.3925891677000283E-002
           1           0           6   8.4291412547017025E-002
           2           0           6  0.11314175492596723     
           3           0           6   3.0557881562727169E-002
           4           0           6  -1.4553739824189761E-003
           5           0           6  -1.5663251295668052E-002
           6           0           6  -3.1799292160647405E-002
           7           0           6  -6.0224876068604979E-002
           0           1           6 -0.20329276298152676     
           1           1           6   8.4291406508857372E-002
           2           1           6   7.6831423337724580E-002
           3           1           6   1.6829326022163721E-002
           4           1           6  -8.5600423879981877E-003
           5           1           6  -2.8960176685156325E-002
           6           1           6  -6.8368709033800712E-002
           7           1           6 -0.16113668624946609     
           0           2           6  -7.3925865868871579E-002
           1           2           6   4.9595190910421846E-002
           2           2           6   2.9975331226239101E-002
           3           2           6   1.9343660309938955E-003
           4           2           6  -1.7326317673027281E-002
           5           2           6  -4.3229796396526812E-002
           6           2           6  -9.4660717108051129E-002
           7           2           6 -0.16113664690779639     
           0           3           6  -5.0430446053478135E-003
           1           3           6   1.6829332508341632E-002
           2           3           6   6.5853907367811803E-003
           3           3           6  -6.6250570202872824E-003
           4           3           6  -2.1459917703779672E-002
           5           3           6  -4.3229792223254689E-002
           6           3           6  -6.8368690442302302E-002
           7           3           6  -6.0224842708245137E-002
           0           4           6  -1.4553671123065412E-003
           1           4           6   2.8101838447747445E-003
           2           4           6  -5.7397370865177889E-005
           3           4           6  -6.6250550443050808E-003
           4           4           6  -1.7326314313020435E-002
           5           4           6  -2.8960169555010830E-002
           6           4           6  -3.1799280304156345E-002
           7           4           6  -1.7829052623201839E-002
           0           5           6  -3.3835271615807812E-003
           1           5           6   2.8101867298751478E-003
           2           5           6   6.5853968979356298E-003
           3           5           6   1.9343715324522692E-003
           4           5           6  -8.5600384590258701E-003
           5           5           6  -1.5663247000097854E-002
           6           5           6  -1.5277718976567701E-002
           7           5           6  -9.7161481660387773E-003
           0           6           6  -1.4553658795947780E-003
           1           6           6   1.6829342571326296E-002
           2           6           6   2.9975346643049239E-002
           3           6           6   1.6829333269728425E-002
           4           6           6  -1.4553718079733540E-003
           5           6           6  -9.7161524718444962E-003
           6           6           6  -1.1570007973418997E-002
           7           6           6  -9.7161496723613093E-003
           0           7           6  -5.0430527126834931E-003
           1           7           6   4.9595209750223877E-002
           2           7           6   7.6831447537453121E-002
           3           7           6   3.0557885411621966E-002
           4           7           6   9.4809421947170190E-004
           5           7           6  -9.7161542506186225E-003
           6           7           6  -1.5277724575536977E-002
           7           7           6  -1.7829064700944874E-002
           0           0           7 -0.51146913994004684     
           1           0           7  0.98822873062962580     
           2           0           7   8.4291319789253055E-002
           3           0           7  -5.0430631459287495E-003
           4           0           7  -1.6852149653416307E-002
           5           0           7  -2.7572698786303008E-002
           6           0           7  -6.0224876068605208E-002
           7           0           7 -0.20329278617044602     
           0           1           7 -0.51146914709248581     
           1           1           7  0.34143479569203422     
           2           1           7   4.9595161201930582E-002
           3           1           7  -3.1832156527121036E-003
           4           1           7  -2.1655571139480023E-002
           5           1           7  -5.1607022861585132E-002
           6           1           7 -0.16113668624946650     
           7           1           7 -0.71757965702266979     
           0           2           7   8.4291394754215834E-002
           1           2           7   7.6831411837892619E-002
           2           2           7   1.6829324614439461E-002
           3           2           7  -8.5600416279512336E-003
           4           2           7  -2.8960174228450809E-002
           5           2           7  -6.8368699738050584E-002
           6           2           7 -0.16113664690779664     
           7           2           7 -0.20329265572827185     
           0           3           7   3.0557889165453538E-002
           1           3           7   2.0080192575952754E-002
           2           3           7   2.8101806280228219E-003
           3           3           7  -1.1570010190280955E-002
           4           3           7  -2.8960172011715433E-002
           5           3           7  -5.1607010824532562E-002
           6           3           7  -6.0224842708244970E-002
           7           3           7  -1.1569978195174271E-002
           0           4           7   9.7148171509752069E-003
           1           4           7   8.6011100007358544E-003
           2           4           7   2.8101835131228384E-003
           3           4           7  -8.5600392190723750E-003
           4           4           7  -2.1655567743427934E-002
           5           4           7  -2.7572690974859038E-002
           6           4           7  -1.7829052623201721E-002
           7           4           7   9.4810477769776736E-004
           0           5           7   9.7148210830245788E-003
           1           5           7   2.0080204022347312E-002
           2           5           7   1.6829334677454236E-002
           3           5           7  -3.1832140758690738E-003
           4           5           7  -1.6852149056697810E-002
           5           5           7  -1.7154809335074645E-002
           6           5           7  -9.7161481660384529E-003
           7           5           7  -4.0039898924702457E-004
           0           6           7   3.0557905327752450E-002
           1           6           7   7.6831459037277922E-002
           2           6           7   4.9595180042130635E-002
           3           6           7  -5.0430664706447009E-003
           4           6           7  -1.7829065516377078E-002
           5           6           7  -1.5277721503601623E-002
           6           6           7  -9.7161496723611601E-003
           7           6           7   9.4810548415946293E-004
           0           7           7   8.4291430340075968E-002
           1           7           7  0.34143495409900515     
           2           7           7   8.4291331866296379E-002
           3           7           7  -1.1570022871425978E-002
           4           7           7  -1.7829064349198117E-002
           5           7           7  -1.7154812465553931E-002
           6           7           7  -1.7829064700944832E-002
           7           7           7  -1.1570007094878886E-002
