gsconf0001.dat
0 0 1.00000000000000000000
.86602540378443864676 .50000000000000000000 0
.86602540378443864676 .50000000000000000000 0
gsconf0002.dat
-.32392029475564853273 -.04617371824901881664 .94495694631473766438
.84869172236673792073 .52686843531306757114 -.04617371824901881664
.84869172236673792073 .52686843531306757114 -.04617371824901881664
gsconf0003.dat
-.61218146516333474152 -.08726435159317979343 .78588726077694800072
.77449359499273753513 .62653380136768945061 -.08726435159317979343
.77449359499273753513 .62653380136768945061 -.08726435159317979343
gsconf0004.dat
-.83304996106680497337 -.11874839215823476381 .54030230586813971740
.42088220725494690035 .89930917207378576318 -.11874839215823476381
.42088220725494690035 .89930917207378576318 -.11874839215823476381
gsconf0005.dat
0 0 1.00000000000000000000
.86602540378443864676 .50000000000000000000 0
.86602540378443864676 .50000000000000000000 0
gsconf0006.dat
-.13616103800672018080 -.29751729586775035430 .94495694631473766438
.84962636087393549401 .43545207034489413697 -.29751729586775035430
.84962636087393549401 .43545207034489413697 -.29751729586775035430
gsconf0007.dat
-.25733263736375047321 -.56228207075801538701 .78588726077694800072
.79316949697943547646 .23392524867031235921 -.56228207075801538701
.79316949697943547646 .23392524867031235921 -.56228207075801538701
gsconf0008.dat
-.35017548837401464226 -.76514740123429258731 .54030230586813971740
.62412900559958954774 -.15815321290974770884 -.76514740123429258731
.62412900559958954774 -.15815321290974770884 -.76514740123429258731
gsconf0009.dat
0 0 1.00000000000000000000
.86602540378443864676 .50000000000000000000 0
.86602540378443864676 .50000000000000000000 0
gsconf0010.dat
.17678404914678788426 -.27532484373697932885 .94495694631473766438
.85010600253532271644 .44890535179993321353 -.27532484373697932885
.85010600253532271644 .44890535179993321353 -.27532484373697932885
gsconf0011.dat
.33410663047780636711 -.52034024716455662424 .78588726077694800072
.80259275042052187328 .29170345241897636537 -.52034024716455662424
.80259275042052187328 .29170345241897636537 -.52034024716455662424
gsconf0012.dat
.45464871341284084769 -.70807341827357119348 .54030230586813971740
.70613428188838975354 -.00253185235517679790 -.70807341827357119348
.70613428188838975354 -.00253185235517679790 -.70807341827357119348
gsconf0013.dat
0 0 1.00000000000000000000
.86602540378443864676 .50000000000000000000 0
.86602540378443864676 .50000000000000000000 0
gsconf0014.dat
.32719469679615224417 0 .94495694631473766438
.84854411780580499277 .52912463573072095072 0
.84854411780580499277 .52912463573072095072 0
gsconf0015.dat
.61836980306973700774 0 .78588726077694800072
.77150474193063388801 .63622357169358791736 0
.77150474193063388801 .63622357169358791736 0
gsconf0016.dat
.84147098480789650664 0 .54030230586813971740
.37897268344342453389 .92540785884046280891 0
.37897268344342453389 .92540785884046280891 0
gsconf0017.dat
0 0 1.00000000000000000000
.86602540378443864676 .50000000000000000000 0
.86602540378443864676 .50000000000000000000 0
gsconf0018.dat
.17678404914678788426 .27532484373697932885 .94495694631473766438
.85010600253532271644 .44890535179993321353 .27532484373697932885
.85010600253532271644 .44890535179993321353 .27532484373697932885
